Date,Open,High,Low,Close,Adj Close,Volume
2000-01-04,28.231899,28.231899,28.231899,28.231899,9.668905,63.0
2000-01-05,27.4828,27.4828,27.4828,27.4828,9.412352,411.0
2000-01-06,27.628799,27.628799,27.628799,27.628799,9.462356,577.0
2000-01-07,26.315399,29.866301,26.315399,29.1756,9.992103,2560.0
2000-01-10,28.2125,29.1367,28.2125,29.1367,9.978783,298.0
2000-01-11,29.1367,29.1367,29.1367,29.1367,9.978783,0.0
2000-01-12,25.2939,26.2668,25.2939,26.2668,8.995894999999999,3557.0
2000-01-13,27.4828,27.4828,26.8116,26.8116,9.182478,143.0
2000-01-14,26.899099,27.239599,26.899099,27.239599,9.329061,82.0
2000-01-17,28.2125,28.2125,28.2125,28.2125,9.662261,505.0
2000-01-18,28.2125,28.9907,27.726,27.726,9.495645,893.0
2000-01-19,27.239599,28.2125,27.239599,28.2125,9.662261,479.0
2000-01-20,27.336901,27.336901,27.336901,27.336901,9.362385,308.0
2000-01-21,27.239599,27.239599,26.3641,26.3641,9.029218,1436.0
2000-01-24,26.2668,26.3641,26.2668,26.2668,8.995894999999999,4601.0
2000-01-25,26.276501,26.276501,25.391199,25.391199,8.696016,2628.0
2000-01-26,25.391199,28.2125,25.391199,28.105499,9.625613000000001,2179.0
2000-01-27,26.2668,26.2668,26.2668,26.2668,8.995894999999997,0.0
2000-01-28,26.2668,26.2668,25.9263,25.9263,8.879278999999997,678.0
2000-01-31,25.9263,26.2668,25.780399,25.780399,8.829312,780.0
2000-02-01,26.996401000000002,26.996401000000002,25.4496,25.4496,8.716018,427.0
2000-02-02,25.780399,25.780399,25.634399,25.780399,8.829312,1075.0
2000-02-03,25.488501,25.770599,25.488501,25.5469,8.749342,1699.0
2000-02-04,25.780399,25.780399,25.488501,25.488501,8.729341999999999,2135.0
2000-02-07,25.2939,25.8776,25.2939,25.780399,8.829312,2094.0
2000-02-08,25.780399,25.974899,25.780399,25.974899,8.895926,793.0
2000-02-09,26.2668,26.2668,25.780399,25.780399,8.829312,1470.0
2000-02-10,25.537201,25.5858,25.537201,25.5858,8.762664,941.0
2000-02-11,25.6831,25.6831,25.6831,25.6831,8.795987,148.0
2000-02-14,25.5858,25.5858,25.5469,25.5469,8.749342,1051.0
2000-02-15,25.5858,25.634399,25.5858,25.634399,8.779309,1069.0
2000-02-16,25.5469,25.6831,25.5469,25.6831,8.795987,529.0
2000-02-17,25.780399,25.780399,25.780399,25.780399,8.829312,469.0
2000-02-18,25.780399,26.2668,25.780399,26.2668,8.995894999999997,1638.0
2000-02-21,26.2668,26.2668,25.780399,25.7901,8.832633,1268.0
2000-02-22,25.5858,25.5858,25.537201,25.537201,8.746019,648.0
2000-02-23,25.537201,25.780399,25.537201,25.780399,8.829312,1797.0
2000-02-24,25.780399,25.780399,25.537201,25.780399,8.829312,2347.0
2000-02-25,25.780399,26.2668,25.2939,25.780399,8.829312,1806.0
2000-02-28,25.780399,26.2668,25.391199,25.391199,8.696016,1972.0
2000-02-29,25.303698999999998,25.3134,25.303698999999998,25.3134,8.669372000000001,678.0
2000-03-01,25.780399,25.974899,25.780399,25.974899,8.895926,394.0
2000-03-02,26.2668,26.2668,25.974899,25.974899,8.895926,1361.0
2000-03-03,25.352301,25.352301,25.2939,25.2939,8.662694,1935.0
2000-03-06,25.780399,25.8776,25.780399,25.780399,8.829312,811.0
2000-03-07,25.488501,25.488501,25.488501,25.488501,8.729341999999999,459.0
2000-03-08,25.488501,25.488501,25.2939,25.2939,8.662694,1044.0
2000-03-09,25.2939,25.2939,25.2939,25.2939,8.662694,1302.0
2000-03-10,25.2064,26.2668,25.2064,25.391199,8.696016,474.0
2000-03-13,25.391199,25.391199,25.391199,25.391199,8.696016,0.0
2000-03-14,25.439899,25.439899,25.439899,25.439899,8.712697,77.0
2000-03-15,25.2939,25.2939,25.2939,25.2939,8.662694,414.0
2000-03-16,25.2939,25.2939,25.2939,25.2939,8.662694,386.0
2000-03-17,25.2939,25.439899,25.2939,25.439899,8.712697,116.0
2000-03-20,25.537201,25.537201,25.391199,25.391199,8.696016,819.0
2000-03-21,25.391199,26.257099,25.391199,26.257099,8.992574000000001,175.0
2000-03-22,25.391199,25.780399,25.391199,25.780399,8.829312,51.0
2000-03-23,25.3134,25.3134,25.2939,25.2939,8.662694,864.0
2000-03-24,25.303698999999998,25.303698999999998,25.303698999999998,25.303698999999998,8.666052,474.0
2000-03-27,25.2064,25.2064,25.2064,25.2064,8.632728,3084.0
2000-03-28,25.2939,25.391199,25.2064,25.391199,8.696016,633.0
2000-03-29,25.391199,25.391199,25.391199,25.391199,8.696016,301.0
2000-03-30,25.2939,25.3426,25.196699,25.3426,8.679372,1866.0
2000-03-31,25.391199,25.780399,25.323099,25.780399,8.829312,3209.0
2000-04-03,25.323099,25.323099,25.323099,25.323099,8.672694,781.0
2000-04-04,25.780399,25.780399,25.780399,25.780399,8.829312,840.0
2000-04-05,25.8776,25.8776,25.780399,25.780399,8.829312,1136.0
2000-04-06,25.2939,25.780399,25.148001,25.2939,8.662694,4619.0
2000-04-07,25.2939,25.8776,25.2939,25.3134,8.669372000000001,551.0
2000-04-10,25.780399,26.072201,25.780399,26.072201,8.929249,2032.0
2000-04-11,25.780399,25.780399,25.3134,25.3134,8.669372000000001,499.0
2000-04-12,25.2939,25.780399,25.2939,25.303698999999998,8.666052,1449.0
2000-04-13,25.391199,25.391199,25.391199,25.391199,8.696016,1149.0
2000-04-14,25.3134,25.391199,25.3134,25.391199,8.696016,545.0
2000-04-17,25.303698999999998,25.303698999999998,25.303698999999998,25.303698999999998,8.666052,391.0
2000-04-18,25.303698999999998,25.391199,25.303698999999998,25.391199,8.696016,168.0
2000-04-19,25.303698999999998,25.303698999999998,25.050698999999998,25.050698999999998,8.579402,2139.0
2000-04-20,24.9048,24.9048,24.603201000000002,24.6129,8.429463,2381.0
2000-04-21,24.6129,24.6129,24.6129,24.6129,8.429463,0.0
2000-04-24,24.6129,24.6129,24.6129,24.6129,8.429463,0.0
2000-04-25,24.807501000000002,24.807501000000002,24.4184,24.4184,8.362851,966.0
2000-04-26,24.807501000000002,24.807501000000002,24.6129,24.6129,8.429463,1895.0
2000-04-27,24.466998999999998,25.303698999999998,24.466998999999998,25.303698999999998,8.666052,1181.0
2000-04-28,24.466998999999998,25.2939,24.466998999999998,25.2939,8.662694,1432.0
2000-05-01,25.2939,25.2939,25.2939,25.2939,8.662694,0.0
2000-05-02,25.2939,25.4788,25.2939,25.4788,8.726021000000001,555.0
2000-05-03,25.780399,25.780399,25.2939,25.2939,8.662694,518.0
2000-05-04,25.2939,25.2939,25.2939,25.2939,8.662694,333.0
2000-05-05,25.780399,25.780399,25.780399,25.780399,8.829312,1143.0
2000-05-08,25.2939,25.780399,25.2939,25.780399,8.829312,560.0
2000-05-09,25.780399,25.780399,25.780399,25.780399,8.829312,0.0
2000-05-10,25.974899,25.974899,25.6831,25.6831,8.795987,341.0
2000-05-11,25.2939,25.5858,25.2939,25.5858,8.762664,504.0
2000-05-12,25.5858,25.5858,25.5858,25.5858,8.762664,206.0
2000-05-15,25.391199,25.5858,25.2939,25.5858,8.762664,1596.0
2000-05-16,25.780399,25.974899,25.391199,25.391199,8.696016,1850.0
2000-05-17,25.439899,25.439899,25.439899,25.439899,8.712697,21.0
2000-05-18,25.391199,25.780399,25.391199,25.391199,8.696016,0.0
2000-05-19,25.780399,25.780399,25.4496,25.4496,8.716018,210.0
2000-05-22,25.439899,25.439899,25.391199,25.391199,8.696016,1557.0
2000-05-23,25.2939,25.2939,25.2939,25.2939,8.662694,464.0
2000-05-24,24.807501000000002,26.042999,24.807501000000002,25.2939,8.662694,1231.0
2000-05-25,25.2939,25.391199,25.2939,25.391199,8.696016,1608.0
2000-05-26,25.391199,25.391199,25.391199,25.391199,8.696016,73.0
2000-05-29,26.0236,26.0236,25.439899,25.439899,8.712697,190.0
2000-05-30,26.0236,26.257099,26.0236,26.0236,8.912602,838.0
2000-05-31,26.2668,26.8505,26.2668,26.2668,8.995894999999999,907.0
2000-06-01,26.2668,26.2668,26.2668,26.2668,8.995894999999999,0.0
2000-06-02,26.2668,26.2668,26.2668,26.2668,8.995894999999997,36.0
2000-06-05,27.1423,27.677401,27.1423,27.677401,9.478999,1601.0
2000-06-06,27.336901,27.336901,27.336901,27.336901,9.362385,122.0
2000-06-07,27.336901,27.3466,27.336901,27.3466,9.365705,318.0
2000-06-08,27.726,27.726,27.3466,27.3466,9.365705,123.0
2000-06-09,27.2591,27.2591,27.2591,27.2591,9.335739,105.0
2000-06-12,27.2591,27.2591,27.2591,27.2591,9.335739,0.0
2000-06-13,27.2591,27.2591,27.2591,27.2591,9.335739,242.0
2000-06-14,23.931998999999998,25.507998999999998,23.931998999999998,25.507998999999998,9.440813,351.0
2000-06-15,25.5858,26.2668,25.2939,26.2668,9.721655,758.0
2000-06-16,25.303698999999998,25.731701,25.303698999999998,25.731701,9.523610000000001,306.0
2000-06-19,25.731701,25.731701,25.731701,25.731701,9.523610000000001,0.0
2000-06-20,25.780399,25.780399,25.5858,25.5858,9.469608000000001,442.0
2000-06-21,25.3134,25.3134,25.3134,25.3134,9.368789999999999,195.0
2000-06-22,25.5858,25.770599,25.5858,25.5858,9.469608000000001,1063.0
2000-06-23,25.3426,25.3426,25.2939,25.3426,9.379598,1153.0
2000-06-26,25.3426,25.3426,25.3426,25.3426,9.379598,432.0
2000-06-27,25.3426,25.5858,25.3426,25.3426,9.379598,440.0
2000-06-28,25.391199,25.6831,25.391199,25.391199,9.397586,0.0
2000-06-29,25.391199,25.6831,25.391199,25.6831,9.50562,1719.0
2000-06-30,25.2939,25.780399,25.2939,25.780399,9.541633000000001,7883.0
2000-07-03,26.2668,26.2668,25.780399,25.780399,9.541633000000001,3187.0
2000-07-04,25.780399,25.780399,25.303698999999998,25.303698999999998,9.3652,411.0
2000-07-05,25.5858,25.780399,25.2939,25.2939,9.361574000000001,1285.0
2000-07-06,25.391199,25.391199,25.391199,25.391199,9.397586,324.0
2000-07-07,25.391199,25.391199,25.391199,25.391199,9.397586,0.0
2000-07-10,25.6831,25.6831,25.3426,25.3426,9.379598,1394.0
2000-07-11,25.3426,25.6831,25.2939,25.3426,9.379598,1603.0
2000-07-12,25.731701,25.780399,25.3426,25.3426,9.379598,1024.0
2000-07-13,25.2939,25.731701,25.2939,25.731701,9.523610000000001,271.0
2000-07-14,25.391199,25.391199,25.3426,25.3426,9.379598,629.0
2000-07-17,25.6831,25.6831,25.6831,25.6831,9.50562,252.0
2000-07-18,25.780399,25.780399,25.498199,25.498199,9.437186,1067.0
2000-07-19,25.498199,25.498199,25.488501,25.488501,9.433598,649.0
2000-07-20,25.6831,25.6831,25.391199,25.391199,9.397586,95.0
2000-07-21,25.391199,25.391199,25.391199,25.391199,9.397586,0.0
2000-07-24,25.391199,25.391199,25.391199,25.391199,9.397586,0.0
2000-07-25,25.5858,25.5858,25.391199,25.391199,9.397586,805.0
2000-07-26,25.488501,25.488501,25.2939,25.3426,9.379598,2262.0
2000-07-27,25.3426,25.3426,25.3426,25.3426,9.379598,0.0
2000-07-28,25.2939,25.2939,25.196699,25.196699,9.325598,380.0
2000-07-31,25.0994,25.2939,25.0994,25.2939,9.361574000000001,1326.0
2000-08-01,25.148001,25.148001,25.148001,25.148001,9.307572,76.0
2000-08-02,25.2939,25.2939,25.2939,25.2939,9.361574000000001,349.0
2000-08-03,25.2939,25.2939,25.148001,25.148001,9.307572,882.0
2000-08-04,25.2939,25.2939,25.148001,25.148001,9.307572,411.0
2000-08-07,25.1383,25.1383,24.4184,24.4184,9.037538,4573.0
2000-08-08,24.428101,24.515698999999998,24.369699,24.369699,9.019515,2297.0
2000-08-09,24.369699,24.369699,24.369699,24.369699,9.019515,0.0
2000-08-10,24.6129,24.6129,24.3211,24.4184,9.037538,1717.0
2000-08-11,24.6129,24.6129,24.3211,24.3211,9.001528,542.0
2000-08-14,24.4184,24.710199,24.4184,24.710199,9.145538,678.0
2000-08-15,24.330799,24.7589,24.330799,24.330799,9.005117,0.0
2000-08-16,24.710199,24.710199,24.710199,24.710199,9.145538,206.0
2000-08-17,24.7978,24.7978,24.710199,24.710199,9.145538,514.0
2000-08-18,24.4184,24.710199,24.4184,24.710199,9.145538,348.0
2000-08-21,24.4184,24.564301,24.3211,24.3211,9.001528,3057.0
2000-08-22,24.330799,24.330799,24.330799,24.330799,9.005117,54.0
2000-08-23,24.340598999999997,24.7005,24.340598999999997,24.7005,9.141949,1850.0
2000-08-24,24.330799,24.807501000000002,24.330799,24.807501000000002,9.18155,3445.0
2000-08-25,24.564301,24.564301,24.4184,24.4184,9.037538,5719.0
2000-08-28,24.330799,24.369699,24.3211,24.369699,9.019515,616.0
2000-08-29,24.369699,24.369699,24.3211,24.3211,9.001528,2417.0
2000-08-30,24.3211,24.3211,23.931998999999998,23.931998999999998,8.857517,1475.0
2000-08-31,23.931998999999998,23.931998999999998,23.931998999999998,23.931998999999998,8.857517,3546.0
2000-09-01,24.0292,24.3211,24.0292,24.3211,9.001528,18874.0
2000-09-04,24.126499,24.3211,24.126499,24.3211,9.001528,223.0
2000-09-05,24.223801,24.3211,24.126499,24.126499,8.929503,1263.0
2000-09-06,24.0292,24.0292,23.931998999999998,23.9806,8.875504,1485.0
2000-09-07,24.3211,24.3211,23.7374,24.0292,8.893495,14542.0
2000-09-08,24.0292,24.3211,23.6401,23.8347,8.821506,1185.0
2000-09-11,23.6887,23.8444,23.6887,23.8444,8.825096,565.0
2000-09-12,24.3016,24.3016,23.6887,23.6887,8.767468,1064.0
2000-09-13,23.8347,23.8347,23.8347,23.8347,8.821506,62.0
2000-09-14,23.8444,23.8444,23.8444,23.8444,8.825096,208.0
2000-09-15,24.126499,24.126499,24.126499,24.126499,8.929503,356.0
2000-09-18,24.223801,24.223801,23.931998999999998,23.931998999999998,8.857517,325.0
2000-09-19,23.931998999999998,24.3211,23.8347,23.8347,8.821506,3807.0
2000-09-20,23.8347,24.223801,23.8347,24.0292,8.893495,2535.0
2000-09-21,23.7374,24.262698999999998,23.7374,24.262698999999998,8.979913,3030.0
2000-09-22,23.931998999999998,23.9806,23.931998999999998,23.9806,8.875504,1386.0
2000-09-25,23.8347,24.0779,23.8347,24.0779,8.911518,1660.0
2000-09-26,24.223801,24.223801,24.0779,24.223801,8.965515,1675.0
2000-09-27,24.223801,24.272499,24.223801,24.272499,8.983539,1091.0
2000-09-28,24.223801,24.223801,24.223801,24.223801,8.965515,771.0
2000-09-29,24.223801,24.223801,24.223801,24.223801,8.965515,925.0
2000-10-02,25.0994,25.0994,24.710199,24.710199,9.145538,987.0
2000-10-03,24.710199,24.710199,24.6129,24.6129,9.109525,576.0
2000-10-04,24.4184,24.710199,24.3211,24.3211,9.001528,1294.0
2000-10-05,24.710199,24.710199,24.3211,24.3211,9.001528,2385.0
2000-10-06,24.3211,24.710199,23.7374,23.931998999999998,8.857517,2371.0
2000-10-09,23.8347,23.8347,23.6401,23.6401,8.749482,15248.0
2000-10-10,23.542801,23.785999,23.348301,23.785999,8.803482,2354.0
2000-10-11,23.785999,23.785999,23.348301,23.7374,8.785495,2897.0
2000-10-12,24.0779,24.0779,23.358,23.358,8.645074000000001,1252.0
2000-10-13,23.348301,23.348301,23.1537,23.348301,8.641482,22148.0
2000-10-16,23.445498999999998,23.445498999999998,23.1537,23.1537,8.569459,4335.0
2000-10-17,23.105,23.1537,23.105,23.1537,8.569459,1318.0
2000-10-18,23.1537,23.8347,23.1537,23.8347,8.821506,77.0
2000-10-19,23.1537,23.1537,23.105,23.105,8.551435000000001,1326.0
2000-10-20,22.871599,23.105,22.861798999999998,23.105,8.551435000000001,1665.0
2000-10-23,23.105,23.348301,23.105,23.348301,8.641482,1239.0
2000-10-24,22.871599,23.105,22.871599,23.105,8.551435000000001,617.0
2000-10-25,22.871599,23.591499,22.861798999999998,23.591499,8.731494,4980.0
2000-10-26,23.785999,23.8347,23.358,23.358,8.645074000000001,1496.0
2000-10-27,23.1537,23.250999,23.1537,23.250999,8.605473,2531.0
2000-10-30,23.250999,23.348301,23.212099,23.212099,8.591073,1198.0
2000-10-31,23.212099,23.212099,23.212099,23.212099,8.591073,0.0
2000-11-01,23.348301,23.348301,23.348301,23.348301,8.641482,200.0
2000-11-02,23.348301,23.348301,23.348301,23.348301,8.641482,653.0
2000-11-03,23.7374,23.7374,23.7374,23.7374,8.785495,283.0
2000-11-06,23.348301,23.348301,23.348301,23.348301,8.641482,645.0
2000-11-07,23.7374,23.7374,23.7374,23.7374,8.785495,632.0
2000-11-08,23.455299,23.8347,23.455299,23.8347,8.821506,1799.0
2000-11-09,23.6401,23.7374,23.6401,23.7374,8.785495,394.0
2000-11-10,23.7374,23.7374,23.7374,23.7374,8.785495,1751.0
2000-11-13,23.8347,23.8347,23.8347,23.8347,8.821506,1028.0
2000-11-14,23.8347,23.8347,23.8347,23.8347,8.821506,0.0
2000-11-15,23.6401,23.8347,23.6401,23.8347,8.821506,739.0
2000-11-16,23.785999,23.8347,23.785999,23.8347,8.821506,1584.0
2000-11-17,23.8347,23.8347,23.8347,23.8347,8.821506,1304.0
2000-11-20,23.8347,23.931998999999998,23.8347,23.931998999999998,8.857517,1131.0
2000-11-21,23.931998999999998,23.931998999999998,23.8347,23.8347,8.821506,1697.0
2000-11-22,23.931998999999998,23.931998999999998,23.6401,23.6401,8.749482,966.0
2000-11-23,23.931998999999998,24.0292,23.931998999999998,24.0292,8.893495,1233.0
2000-11-24,24.0292,24.0292,23.6401,23.6401,8.749482,761.0
2000-11-27,24.0292,24.0292,24.0292,24.0292,8.893495,734.0
2000-11-28,24.0292,24.0292,24.0292,24.0292,8.893495,1043.0
2000-11-29,24.0292,24.0779,24.0292,24.0292,8.893495,536.0
2000-11-30,24.126499,24.126499,24.0292,24.0292,8.893495,1233.0
2000-12-01,24.126499,24.1752,24.126499,24.1752,8.947529,650.0
2000-12-04,24.126499,24.3211,24.126499,24.3211,9.001528,1826.0
2000-12-05,24.3211,24.564301,24.3211,24.3211,9.001528,1569.0
2000-12-06,24.3211,24.3211,24.3211,24.3211,9.001528,1444.0
2000-12-07,24.4184,24.807501000000002,24.4184,24.807501000000002,9.18155,935.0
2000-12-08,24.807501000000002,24.807501000000002,24.807501000000002,24.807501000000002,9.18155,2055.0
2000-12-11,24.8172,24.8367,24.8172,24.8367,9.192357000000001,912.0
2000-12-12,24.807501000000002,24.807501000000002,24.710199,24.710199,9.145538,861.0
2000-12-13,24.6129,25.2939,24.6129,24.642098999999998,9.120334,684.0
2000-12-14,24.7297,24.807501000000002,24.710199,24.807501000000002,9.18155,2282.0
2000-12-15,24.807501000000002,24.807501000000002,24.807501000000002,24.807501000000002,9.18155,1690.0
2000-12-18,24.9048,25.050698999999998,24.710199,24.9048,9.217563,1915.0
2000-12-19,25.2453,25.780399,25.2453,25.780399,9.541633000000001,4882.0
2000-12-20,26.120898999999998,26.2668,26.120898999999998,26.1695,9.685642,1646.0
2000-12-21,26.072201,26.1695,26.072201,26.072201,9.649631,665.0
2000-12-22,25.780399,27.239599,25.780399,27.239599,10.081699,3804.0
2000-12-25,,,,,,
2000-12-26,,,,,,
2000-12-27,27.239599,27.4828,27.239599,27.4828,10.171711,2584.0
2000-12-28,27.4828,27.4828,27.4342,27.4342,10.153725,1424.0
2000-12-29,,,,,,
2001-01-01,,,,,,
2001-01-02,27.239599,27.4147,27.239599,27.4147,10.146505,555.0
2001-01-03,27.4342,27.4342,27.4342,27.4342,10.153725,479.0
2001-01-04,27.239599,27.239599,26.753201,27.1423,10.045687,2426.0
2001-01-05,27.239599,27.239599,26.753201,26.753201,9.901677000000001,3563.0
2001-01-08,25.780399,25.780399,24.9048,24.9048,9.217563,4607.0
2001-01-09,25.2939,25.2939,25.2939,25.2939,9.361574000000001,3126.0
2001-01-10,25.2939,25.2939,25.2939,25.2939,9.361574000000001,2776.0
2001-01-11,25.2939,25.2939,25.2939,25.2939,9.361574000000001,1781.0
2001-01-12,26.2668,26.7143,25.400999,25.400999,9.40121,597.0
2001-01-15,25.780399,25.780399,25.780399,25.780399,9.541633000000001,399.0
2001-01-16,25.780399,26.6073,25.780399,26.2668,9.721655,1507.0
2001-01-17,26.3641,27.1423,26.2668,27.1423,10.045687,2701.0
2001-01-18,27.191,27.191,26.558598999999997,26.558598999999997,9.829652000000001,2376.0
2001-01-19,26.558598999999997,26.558598999999997,26.558598999999997,26.558598999999997,9.829652000000001,365.0
2001-01-22,26.655898999999998,26.6754,26.655898999999998,26.6754,9.872882,245.0
2001-01-23,26.9478,27.0937,26.9478,27.0937,10.027699,1120.0
2001-01-24,,,,,,
2001-01-25,26.558598999999997,27.239599,26.558598999999997,27.239599,10.081699,843.0
2001-01-26,,,,,,
2001-01-29,27.580099,27.580099,26.8505,26.8505,9.937689,905.0
2001-01-30,27.239599,27.239599,27.239599,27.239599,10.081699,308.0
2001-01-31,26.558598999999997,26.558598999999997,26.558598999999997,26.558598999999997,9.829652000000001,1124.0
2001-02-01,26.500299,26.500299,26.2668,26.2668,9.721655,2992.0
2001-02-02,26.2668,26.2668,26.2668,26.2668,9.721655,560.0
2001-02-05,26.2668,26.753201,26.2668,26.2668,9.721655,1316.0
2001-02-06,26.2668,26.2668,26.2668,26.2668,9.721655,586.0
2001-02-07,26.753201,26.753201,26.2668,26.2668,9.721655,518.0
2001-02-08,26.753201,26.996401000000002,26.753201,26.996401000000002,9.99169,1525.0
2001-02-09,26.753201,26.996401000000002,26.276501,26.996401000000002,9.99169,1508.0
2001-02-12,26.2862,26.2862,26.276501,26.276501,9.725245,880.0
2001-02-13,26.296,26.996401000000002,26.296,26.4711,9.797271,997.0
2001-02-14,27.045099,27.045099,26.3641,26.3641,9.757667999999999,1593.0
2001-02-15,26.3641,26.753201,26.3641,26.753201,9.901677000000001,519.0
2001-02-16,26.315399,26.753201,26.315399,26.753201,9.901677000000001,130.0
2001-02-19,27.181299,27.181299,27.1423,27.181299,10.060122999999999,1136.0
2001-02-20,26.3738,27.1423,26.3543,26.4224,9.779243,2009.0
2001-02-21,26.412701000000002,26.753201,26.412701000000002,26.704598999999998,9.88369,1005.0
2001-02-22,26.704598999999998,26.704598999999998,26.2668,26.2668,9.721655,4767.0
2001-02-23,26.276501,26.6656,26.276501,26.6656,9.869256,979.0
2001-02-26,26.461399,26.461399,26.2668,26.2668,9.721655,463.0
2001-02-27,26.2668,26.704598999999998,26.2668,26.276501,9.725245,1598.0
2001-02-28,26.704598999999998,26.704598999999998,26.2668,26.315399,9.73964,760.0
2001-03-01,26.7435,26.753201,26.7435,26.753201,9.901677000000001,784.0
2001-03-02,27.191,27.191,27.191,27.191,10.063711999999999,457.0
2001-03-05,26.753201,26.753201,26.753201,26.753201,9.901677000000001,463.0
2001-03-06,26.753201,27.239599,26.753201,27.239599,10.081699,874.0
2001-03-07,27.239599,27.239599,27.239599,27.239599,10.081699,308.0
2001-03-08,27.239599,27.239599,27.239599,27.239599,10.081699,224.0
2001-03-09,26.753201,26.753201,26.753201,26.753201,9.901677000000001,154.0
2001-03-12,26.8018,26.8018,26.8018,26.8018,9.919661999999999,104.0
2001-03-13,27.239599,27.239599,26.519699,27.239599,10.081699,1137.0
2001-03-14,,,,,,
2001-03-15,26.996401000000002,26.996401000000002,26.996401000000002,26.996401000000002,9.99169,109.0
2001-03-16,26.996401000000002,26.996401000000002,26.996401000000002,26.996401000000002,9.99169,86.0
2001-03-19,27.0548,27.239599,27.0548,27.239599,10.081699,668.0
2001-03-20,27.045099,27.239599,27.045099,27.045099,10.009713,0.0
2001-03-21,27.045099,27.045099,27.045099,27.045099,10.009713,262.0
2001-03-22,27.045099,27.045099,26.996401000000002,26.996401000000002,9.99169,315.0
2001-03-23,26.996401000000002,26.996401000000002,26.8116,26.8116,9.923293,1613.0
2001-03-26,26.51,26.51,26.51,26.51,9.811667,242.0
2001-03-27,26.51,26.51,26.51,26.51,9.811667,1028.0
2001-03-28,26.461399,26.461399,26.461399,26.461399,9.793679,253.0
2001-03-29,26.753201,26.753201,26.753201,26.753201,9.901677000000001,175.0
2001-03-30,26.655898999999998,26.655898999999998,26.655898999999998,26.655898999999998,9.865665,139.0
2001-04-02,27.191,27.191,26.3349,26.3349,9.746861,3340.0
2001-04-03,26.315399,26.315399,26.315399,26.315399,9.73964,1265.0
2001-04-04,26.3641,26.3641,26.3641,26.3641,9.757667999999999,52.0
2001-04-05,27.045099,27.045099,26.315399,27.045099,10.009713,1198.0
2001-04-06,27.171499,27.171499,27.045099,27.045099,10.009713,756.0
2001-04-09,27.171499,27.171499,27.171499,27.171499,10.056494,51.0
2001-04-10,27.181299,27.181299,27.0159,27.0159,9.998905,293.0
2001-04-11,27.0159,27.2299,27.0159,27.2299,10.078111,776.0
2001-04-12,26.9478,27.2299,26.9478,27.2299,10.078111,255.0
2001-04-13,,,,,,
2001-04-16,,,,,,
2001-04-17,26.753201,26.8018,26.753201,26.8018,9.919661999999999,729.0
2001-04-18,26.8018,26.8018,26.8018,26.8018,9.919661999999999,199.0
2001-04-19,27.2299,27.2299,27.2299,27.2299,10.078111,21.0
2001-04-20,26.8505,26.8505,26.8018,26.8018,9.919661999999999,407.0
2001-04-23,27.045099,27.2299,27.045099,27.2299,10.078111,195.0
2001-04-24,26.8018,26.8018,26.8018,26.8018,9.919661999999999,5.0
2001-04-25,26.8018,27.2299,26.8018,26.8018,9.919661999999999,0.0
2001-04-26,26.8018,26.8018,26.8018,26.8018,9.919661999999999,216.0
2001-04-27,26.753201,27.2299,26.753201,27.2299,10.078111,432.0
2001-04-30,27.2299,27.2299,27.2299,27.2299,10.078111,694.0
2001-05-01,,,,,,
2001-05-02,26.8505,26.8505,26.8505,26.8505,9.937689,185.0
2001-05-03,26.8505,27.045099,26.8505,27.045099,10.009713,308.0
2001-05-04,27.045099,27.045099,26.772699,26.772699,9.908895,572.0
2001-05-07,,,,,,
2001-05-08,26.8018,27.2299,26.8018,26.8018,9.919661999999999,482.0
2001-05-09,,,,,,
2001-05-10,27.191,27.191,26.8505,26.8505,9.937689,292.0
2001-05-11,,,,,,
2001-05-14,27.1618,27.191,26.753201,26.762898999999997,9.905267,1111.0
2001-05-15,27.191,27.2202,26.753201,26.9478,9.973702000000001,1054.0
2001-05-16,27.191,27.2299,26.8116,26.8116,9.923293,863.0
2001-05-17,26.8116,27.2299,26.772699,26.772699,9.908895,1998.0
2001-05-18,27.2299,27.2299,26.753201,26.753201,9.901677000000001,740.0
2001-05-21,26.7824,26.8505,26.7824,26.8505,9.937689,1604.0
2001-05-22,27.191,27.191,26.996401000000002,27.045099,10.009713,824.0
2001-05-23,27.0937,27.0937,27.045099,27.045099,10.009713,1172.0
2001-05-24,,,,,,
2001-05-25,27.045099,27.045099,27.045099,27.045099,10.009713,154.0
2001-05-28,27.191,27.2299,27.045099,27.045099,10.009713,1940.0
2001-05-29,27.045099,27.0937,27.045099,27.0937,10.027699,1083.0
2001-05-30,27.2202,27.239599,26.996401000000002,27.045099,10.009713,2100.0
2001-05-31,27.0937,27.239599,27.0937,27.239599,10.081699,26.0
2001-06-01,27.239599,27.239599,27.239599,27.239599,10.081699,1063.0
2001-06-04,,,,,,
2001-06-05,27.4342,27.4342,27.239599,27.239599,10.081699,1322.0
2001-06-06,27.239599,28.1152,27.239599,27.2883,10.099724,2851.0
2001-06-07,27.2883,28.2125,27.0937,27.0937,10.027699,2888.0
2001-06-08,27.239599,27.239599,27.1423,27.1423,10.045687,1830.0
2001-06-11,27.239599,28.1444,27.239599,27.239599,10.081699,1315.0
2001-06-12,27.298,27.298,27.239599,27.2883,10.099724,1479.0
2001-06-13,27.239599,27.239599,27.239599,27.239599,10.081699,36.0
2001-06-14,28.1152,28.1152,28.1152,28.1152,10.405768,134.0
2001-06-15,27.239599,27.5315,27.239599,27.5315,10.189736,555.0
2001-06-18,27.726,27.726,27.2883,27.5315,10.189736,1932.0
2001-06-19,27.726,27.726,27.336901,27.336901,10.117712,992.0
2001-06-20,27.5315,27.5315,27.336901,27.5315,10.189736,1650.0
2001-06-21,27.336901,27.7066,27.0937,27.0937,10.027699,6081.0
2001-06-22,27.336901,27.336901,26.753201,26.8505,9.937689,2968.0
2001-06-25,26.8505,26.8505,26.461399,26.655898999999998,9.865665,1136.0
2001-06-26,26.655898999999998,27.7066,26.461399,26.753201,9.901677000000001,1318.0
2001-06-27,27.239599,27.239599,27.239599,27.239599,10.081699,41.0
2001-06-28,27.045099,27.239599,27.045099,27.239599,10.081699,123.0
2001-06-29,27.239599,27.239599,26.8505,26.8505,9.937689,1175.0
2001-07-02,26.1695,26.1695,23.8347,25.2939,10.164086,1899.0
2001-07-03,25.2939,25.6831,25.2939,25.6831,10.320481,1067.0
2001-07-04,25.634399,25.6733,25.634399,25.6733,10.316543,154.0
2001-07-05,25.2939,25.2939,25.2939,25.2939,10.164086,966.0
2001-07-06,25.2939,25.829,25.2939,25.829,10.379109,561.0
2001-07-09,25.3426,26.0236,25.3426,25.391199,10.203184,705.0
2001-07-10,25.780399,25.780399,25.2939,25.2939,10.164086,1660.0
2001-07-11,25.780399,25.974899,25.780399,25.9652,10.433843,308.0
2001-07-12,25.731701,25.974899,25.731701,25.974899,10.437737,206.0
2001-07-13,,,,,,
2001-07-16,25.2939,25.2939,24.710199,24.710199,9.92953,319.0
2001-07-17,24.710199,25.284201,24.710199,25.284201,10.160186,1259.0
2001-07-18,24.856199,24.856199,24.807501000000002,24.807501000000002,9.968633,481.0
2001-07-19,25.0021,25.0021,25.0021,25.0021,10.046828999999999,133.0
2001-07-20,25.2939,25.2939,25.2939,25.2939,10.164086,1028.0
2001-07-23,25.0021,25.2939,25.0021,25.0021,10.046828999999999,0.0
2001-07-24,25.2939,25.2939,25.0021,25.0021,10.046828999999999,275.0
2001-07-25,25.0021,25.2939,25.0021,25.2939,10.164086,1881.0
2001-07-26,25.050698999999998,25.2939,24.807501000000002,24.807501000000002,9.968633,2261.0
2001-07-27,25.284201,25.284201,25.0994,25.0994,10.085929,319.0
2001-07-30,25.284201,25.284201,25.0021,25.050698999999998,10.066357,324.0
2001-07-31,25.148001,25.284201,25.148001,25.284201,10.160186,360.0
2001-08-01,25.050698999999998,25.2939,25.050698999999998,25.050698999999998,10.066357,1059.0
2001-08-02,25.2939,25.2939,25.050698999999998,25.050698999999998,10.066357,1059.0
2001-08-03,25.050698999999998,25.2939,25.050698999999998,25.050698999999998,10.066357,1094.0
2001-08-06,25.0994,25.2939,25.050698999999998,25.050698999999998,10.066357,257.0
2001-08-07,25.2939,25.2939,25.050698999999998,25.2939,10.164086,7098.0
2001-08-08,25.2939,25.8776,25.050698999999998,25.8776,10.398638,2550.0
2001-08-09,25.8776,25.8776,25.3426,25.488501,10.242282000000001,915.0
2001-08-10,25.780399,25.780399,25.3426,25.488501,10.242282000000001,5299.0
2001-08-13,26.0625,26.1695,25.5858,26.1695,10.515938,2212.0
2001-08-14,25.8776,25.984699,25.780399,25.984699,10.441676,375.0
2001-08-15,,,,,,
2001-08-16,26.1598,26.1695,26.1598,26.1695,10.515938,786.0
2001-08-17,26.1695,26.2181,25.8776,25.8776,10.398638,1308.0
2001-08-20,26.2668,26.753201,26.2668,26.2668,10.555035,800.0
2001-08-21,26.2668,26.753201,25.8874,26.315399,10.574561,1257.0
2001-08-22,26.753201,26.753201,26.2668,26.753201,10.75049,1349.0
2001-08-23,26.51,26.558598999999997,26.2668,26.2668,10.555035,588.0
2001-08-24,26.2668,26.655898999999998,26.2668,26.655898999999998,10.711391,606.0
2001-08-27,26.655898999999998,26.655898999999998,26.2668,26.2668,10.555035,478.0
2001-08-28,26.276501,26.7435,26.276501,26.7435,10.746591,828.0
2001-08-29,26.7337,26.753201,26.7337,26.753201,10.75049,818.0
2001-08-30,26.753201,26.753201,26.3641,26.3641,10.594134,2292.0
2001-08-31,26.276501,26.276501,25.8874,25.8874,10.402576,2108.0
2001-09-03,25.8776,26.072201,25.780399,26.072201,10.476836,1048.0
2001-09-04,26.072201,26.2668,25.780399,26.072201,10.476836,2714.0
2001-09-05,26.2181,26.461399,26.2181,26.461399,10.633231,1131.0
2001-09-06,26.2668,26.558598999999997,25.6052,26.2181,10.535465,4197.0
2001-09-07,26.461399,26.51,25.8874,26.0236,10.457307,1305.0
2001-09-10,25.974899,25.974899,25.974899,25.974899,10.437737,514.0
2001-09-11,26.072201,26.461399,25.2939,25.2939,10.164086,3778.0
2001-09-12,25.303698999999998,25.303698999999998,25.303698999999998,25.303698999999998,10.168024,31.0
2001-09-13,26.2668,26.451598999999998,25.780399,26.451598999999998,10.629296,1336.0
2001-09-14,25.634399,25.634399,25.634399,25.634399,10.300913000000001,46.0
2001-09-17,26.2862,26.2862,25.7901,25.867901,10.394744000000001,1038.0
2001-09-18,,,,,,
2001-09-19,25.7901,26.2668,25.692801,26.2668,10.555035,1767.0
2001-09-20,25.7901,26.2668,25.634399,25.634399,10.300913000000001,3192.0
2001-09-21,25.634399,25.634399,25.5858,25.634399,10.300913000000001,421.0
2001-09-24,25.780399,25.780399,25.780399,25.780399,10.359577999999999,31.0
2001-09-25,26.1695,26.257099,25.2939,26.257099,10.551135,2306.0
2001-09-26,25.3134,26.2376,25.2939,25.974899,10.437737,1288.0
2001-09-27,25.323099,25.323099,25.323099,25.323099,10.175818,21.0
2001-09-28,,,,,,
2001-10-01,25.974899,25.974899,25.974899,25.974899,10.437737,127.0
2001-10-02,26.072201,26.1695,26.072201,26.072201,10.476836,0.0
2001-10-03,26.072201,26.072201,26.072201,26.072201,10.476836,284.0
2001-10-04,26.1695,26.1695,26.1695,26.1695,10.515938,1439.0
2001-10-05,26.1695,26.1695,26.1695,26.1695,10.515938,103.0
2001-10-08,26.072201,26.1695,26.072201,26.1695,10.515938,331.0
2001-10-09,26.072201,26.1695,26.072201,26.1695,10.515938,365.0
2001-10-10,26.1598,26.1598,26.1598,26.1598,10.512037,139.0
2001-10-11,26.1598,26.1695,26.1598,26.1695,10.515938,601.0
2001-10-12,26.072201,26.072201,25.974899,25.974899,10.437737,353.0
2001-10-15,25.974899,26.1695,25.974899,26.1695,10.515938,1036.0
2001-10-16,25.974899,26.1695,25.780399,25.780399,10.359577999999999,848.0
2001-10-17,26.1695,26.1695,26.1695,26.1695,10.515938,987.0
2001-10-18,26.1695,26.1695,25.731701,25.731701,10.340014,343.0
2001-10-19,25.780399,25.780399,25.3134,25.3134,10.171922,2194.0
2001-10-22,25.488501,26.0236,25.352301,25.488501,10.242282000000001,539.0
2001-10-23,25.974899,26.0625,25.974899,26.0625,10.472939,642.0
2001-10-24,25.829,26.111099,25.829,25.829,10.379109,320.0
2001-10-25,25.829,26.1695,25.829,25.829,10.379109,2126.0
2001-10-26,26.120898999999998,26.1598,25.829,25.829,10.379109,715.0
2001-10-29,26.120898999999998,26.120898999999998,25.829,25.829,10.379109,617.0
2001-10-30,25.974899,26.072201,25.9263,26.072201,10.476836,349.0
2001-10-31,25.9263,26.0625,25.829,25.838699,10.383008,682.0
2001-11-01,25.829,26.0625,25.829,25.829,10.379109,0.0
2001-11-02,25.838699,25.838699,25.838699,25.838699,10.383008,3.0
2001-11-05,26.072201,26.1598,26.072201,26.1598,10.512037,257.0
2001-11-06,26.1598,26.1695,26.0236,26.0236,10.457307,3077.0
2001-11-07,26.0236,26.1695,26.0236,26.1695,10.515938,1305.0
2001-11-08,26.1695,26.1695,26.072201,26.072201,10.476836,308.0
2001-11-09,26.072201,26.1695,25.838699,26.1695,10.515938,2498.0
2001-11-12,26.2668,26.2668,26.2668,26.2668,10.555035,1365.0
2001-11-13,26.461399,26.461399,26.315399,26.412701000000002,10.613662,155.0
2001-11-14,26.412701000000002,26.461399,26.315399,26.315399,10.574561,631.0
2001-11-15,26.403,26.403,26.393299,26.393299,10.605868,107.0
2001-11-16,26.51,27.1423,26.4711,27.1423,10.906845,1830.0
2001-11-19,27.132601,27.239599,26.51,27.239599,10.945945,986.0
2001-11-20,27.239599,27.239599,26.558598999999997,26.753201,10.75049,1098.0
2001-11-21,27.239599,27.336901,27.239599,27.239599,10.945945,1283.0
2001-11-22,27.336901,27.628799,27.239599,27.628799,11.102339,1750.0
2001-11-23,27.5315,27.5315,27.5315,27.5315,11.063242,206.0
2001-11-26,27.5315,27.677401,27.239599,27.5315,11.063242,880.0
2001-11-27,27.628799,27.726,27.239599,27.726,11.141399,730.0
2001-11-28,27.726,28.1152,27.726,27.823299,11.180498,1224.0
2001-11-29,27.872,28.1152,27.872,27.920601,11.219598,1065.0
2001-11-30,27.823299,28.1152,27.823299,28.1152,11.297796,885.0
2001-12-03,28.0179,28.1152,28.0179,28.0665,11.278227000000001,1475.0
2001-12-04,28.0179,28.1152,27.872,27.969299,11.239166,1385.0
2001-12-05,27.823299,28.231899,27.823299,28.231899,11.344691000000001,4373.0
2001-12-06,28.2125,28.6989,28.2125,28.6989,11.532347999999999,1562.0
2001-12-07,28.6989,28.6989,28.407,28.407,11.415052000000001,321.0
2001-12-10,28.6989,28.6989,28.309798999999998,28.650299,11.512819,1837.0
2001-12-11,28.601601000000002,28.650299,28.407,28.407,11.415052000000001,2506.0
2001-12-12,28.309798999999998,28.650299,28.309798999999998,28.650299,11.512819,2097.0
2001-12-13,28.329201,28.407,28.231899,28.407,11.415052000000001,1997.0
2001-12-14,28.397301000000002,28.5919,28.231899,28.231899,11.344691000000001,1305.0
2001-12-17,28.2125,28.6989,28.2125,28.6989,11.532347999999999,1671.0
2001-12-18,28.582199,28.582199,28.582199,28.582199,11.485453999999999,51.0
2001-12-19,28.582199,28.582199,28.309798999999998,28.309798999999998,11.375993,1007.0
2001-12-20,28.504299,28.6989,28.504299,28.6989,11.532347999999999,394.0
2001-12-21,28.504299,28.504299,28.231899,28.231899,11.344691000000001,527.0
2001-12-24,28.2125,28.7962,28.2125,28.7962,11.571447000000001,822.0
2001-12-25,,,,,,
2001-12-26,,,,,,
2001-12-27,28.504299,28.504299,28.261101,28.261101,11.356421000000001,72.0
2001-12-28,28.2903,29.185301000000003,28.2903,29.185301000000003,11.727802,1443.0
2001-12-31,,,,,,
2002-01-01,,,,,,
2002-01-02,29.185301000000003,30.5473,29.185301000000003,29.2826,11.766903999999998,1120.0
2002-01-03,29.4772,29.4772,29.18530100000001,29.18530100000001,11.727802,977.0
2002-01-04,28.6989,29.428499,28.6989,29.18530100000001,11.727802,1454.0
2002-01-07,29.185301000000003,30.158199,29.185301000000003,30.158199,12.118753,812.0
2002-01-08,29.3799,30.158199,29.3312,29.3312,11.786431,650.0
2002-01-09,29.3799,29.6717,29.2826,29.2826,11.766903999999998,1331.0
2002-01-10,29.2826,29.3799,28.7962,28.7962,11.571447000000001,1879.0
2002-01-11,28.7962,28.7962,28.552999,28.552999,11.473722,1932.0
2002-01-14,28.718398999999998,28.942101,28.309798999999998,28.309798999999998,11.375993,284.0
2002-01-15,28.942101,28.942101,28.2125,28.2125,11.336895,941.0
2002-01-16,28.504299,28.650299,27.823299,27.823299,11.180498,3003.0
2002-01-17,28.4557,28.4557,27.336901,27.336901,10.985044,3926.0
2002-01-18,27.492599,27.628799,26.8116,26.8116,10.773956,4279.0
2002-01-21,27.239599,27.969299,27.239599,27.5315,11.063242,366.0
2002-01-22,28.0179,28.2125,27.580099,28.2125,11.336895,935.0
2002-01-23,28.9907,28.9907,27.920601,27.920601,11.219598,411.0
2002-01-24,27.920601,28.6989,27.7747,28.6989,11.532347999999999,863.0
2002-01-25,28.679399,28.7962,27.580099,28.6989,11.532347999999999,909.0
2002-01-28,27.628799,28.650299,27.628799,28.650299,11.512819,565.0
2002-01-29,27.7358,28.601601000000002,27.7358,27.8622,11.196128999999999,567.0
2002-01-30,28.6989,28.874001,28.2125,28.874001,11.602711,1420.0
2002-01-31,28.2125,28.874001,28.2125,28.2125,11.336895,402.0
2002-02-01,28.2125,28.8643,28.2125,28.2125,11.336895,1172.0
2002-02-04,28.874001,28.874001,28.874001,28.874001,11.602711,41.0
2002-02-05,28.309798999999998,28.844801,28.2125,28.2125,11.336895,481.0
2002-02-06,28.309798999999998,28.874001,28.2125,28.874001,11.602711,1256.0
2002-02-07,28.309798999999998,29.185301000000003,28.309798999999998,28.893499,11.610546000000001,623.0
2002-02-08,28.893499,28.893499,28.261101,28.261101,11.356421000000001,218.0
2002-02-11,28.893499,29.2826,28.309798999999998,29.2826,11.766903999999998,1205.0
2002-02-12,29.428499,29.4772,29.428499,29.4772,11.845101,363.0
2002-02-13,29.428499,29.428499,29.3799,29.3799,11.806002000000001,2128.0
2002-02-14,29.185301000000003,29.185301000000003,28.6989,28.747498999999998,11.551878,1416.0
2002-02-15,29.18530100000001,29.18530100000001,28.6989,28.7962,11.571447000000001,919.0
2002-02-18,28.747498999999998,29.1367,28.601601000000002,28.601601000000002,11.493250999999999,2888.0
2002-02-19,28.6989,28.9907,28.6113,28.6989,11.532347999999999,694.0
2002-02-20,28.6989,29.18530100000001,28.6989,28.942101,11.630077,1740.0
2002-02-21,28.942101,29.2826,28.844801,29.2826,11.766903999999998,2981.0
2002-02-22,29.2826,29.2826,28.9907,28.9907,11.649607000000001,257.0
2002-02-25,28.9907,29.3799,28.6989,28.6989,11.532347999999999,1165.0
2002-02-26,28.6989,28.7962,28.309798999999998,28.309798999999998,11.375993,5448.0
2002-02-27,29.185301000000003,29.185301000000003,29.185301000000003,29.185301000000003,11.727802,411.0
2002-02-28,29.4772,29.4772,29.4772,29.4772,11.845101,87.0
2002-03-01,29.18530100000001,29.18530100000001,28.6989,29.18530100000001,11.727802,3790.0
2002-03-04,29.185301000000003,29.185301000000003,29.087999,29.087999,11.688708,4913.0
2002-03-05,29.087999,29.18530100000001,28.893499,29.18530100000001,11.727802,884.0
2002-03-06,29.185301000000003,29.185301000000003,28.747498999999998,29.185301000000003,11.727802,1016.0
2002-03-07,29.18530100000001,29.428499,28.6989,29.18530100000001,11.727802,1413.0
2002-03-08,29.18530100000001,29.18530100000001,28.601601000000002,28.6989,11.532347999999999,199.0
2002-03-11,29.18530100000001,29.428499,29.18530100000001,29.18530100000001,11.727802,252.0
2002-03-12,29.185301000000003,29.185301000000003,28.6989,28.6989,11.532347999999999,1251.0
2002-03-13,29.4772,29.4772,28.718398999999998,28.718398999999998,11.540182000000001,683.0
2002-03-14,28.7962,29.185301000000003,28.7962,28.7962,11.571447000000001,0.0
2002-03-15,28.9907,28.9907,28.9907,28.9907,11.649607000000001,113.0
2002-03-18,28.805901000000002,28.805901000000002,28.7962,28.7962,11.571447000000001,195.0
2002-03-19,28.7962,28.893499,28.7281,28.747498999999998,11.551878,1996.0
2002-03-20,28.7962,28.7962,28.747498999999998,28.747498999999998,11.551878,987.0
2002-03-21,28.747498999999998,28.844801,28.407,28.407,11.415052000000001,4745.0
2002-03-22,28.6989,28.6989,28.407,28.504299,11.454149000000001,1645.0
2002-03-25,28.7962,28.9907,28.407,28.407,11.415052000000001,15897.0
2002-03-26,28.2125,28.2125,28.2125,28.2125,11.336895,1313.0
2002-03-27,28.309798999999998,28.309798999999998,27.239599,27.239599,10.945945,2146.0
2002-03-28,28.2125,28.2125,28.163798999999997,28.163798999999997,11.317323,1285.0
2002-03-29,27.239599,27.239599,27.239599,27.239599,10.945945,0.0
2002-04-01,27.239599,27.239599,27.239599,27.239599,10.945945,0.0
2002-04-02,27.2883,27.726,27.2883,27.726,11.141399,128.0
2002-04-03,27.726,27.726,27.726,27.726,11.141399,206.0
2002-04-04,27.726,27.726,27.4342,27.4342,11.024142,550.0
2002-04-05,27.726,27.726,27.1423,27.239599,10.945945,8285.0
2002-04-08,28.0179,28.0179,27.336901,27.385599,11.004615,1059.0
2002-04-09,27.3564,27.726,27.3564,27.4342,11.024142,947.0
2002-04-10,27.726,27.726,27.443899,27.726,11.141399,456.0
2002-04-11,27.726,28.193001000000002,27.726,28.193001000000002,11.329057,443.0
2002-04-12,28.193001000000002,28.193001000000002,27.920601,27.920601,11.219598,956.0
2002-04-15,28.1152,28.1152,27.726,28.1152,11.297796,1261.0
2002-04-16,27.726,27.726,27.726,27.726,11.141399,797.0
2002-04-17,27.9109,28.2125,27.9109,27.969299,11.239166,1704.0
2002-04-18,27.969299,28.407,27.969299,28.407,11.415052000000001,31.0
2002-04-19,28.407,28.650299,28.407,28.4168,11.418991,1681.0
2002-04-22,28.689199,28.689199,28.689199,28.689199,11.528452,36.0
2002-04-23,28.4265,28.747498999999998,28.4265,28.689199,11.528452,1057.0
2002-04-24,28.4265,28.4265,28.0179,28.0179,11.258697999999999,1593.0
2002-04-25,28.0665,28.2125,28.0665,28.0665,11.278227000000001,340.0
2002-04-26,28.2125,28.2125,28.2125,28.2125,11.336895,175.0
2002-04-29,28.0665,28.2125,28.0179,28.0179,11.258697999999999,689.0
2002-04-30,28.0179,28.66,28.0179,28.66,11.516717,314.0
2002-05-01,28.66,28.66,28.66,28.66,11.516717,0.0
2002-05-02,28.0179,28.66,28.0179,28.66,11.516717,154.0
2002-05-03,28.679399,28.679399,28.601601000000002,28.650299,11.512819,2544.0
2002-05-06,28.679399,28.6989,28.231899,28.231899,11.344691000000001,874.0
2002-05-07,28.9907,29.185301000000003,28.329201,28.329201,11.38379,1368.0
2002-05-08,29.185301000000003,29.185301000000003,29.185301000000003,29.185301000000003,11.727802,123.0
2002-05-09,28.329201,29.087999,28.329201,28.329201,11.38379,0.0
2002-05-10,29.087999,29.087999,29.087999,29.087999,11.688708,123.0
2002-05-13,28.6989,29.18530100000001,28.6989,29.18530100000001,11.727802,808.0
2002-05-14,28.844801,29.18530100000001,28.844801,29.18530100000001,11.727802,703.0
2002-05-15,29.18530100000001,29.18530100000001,28.893499,29.18530100000001,11.727802,1053.0
2002-05-16,29.428499,29.428499,29.18530100000001,29.18530100000001,11.727802,504.0
2002-05-17,29.18530100000001,29.18530100000001,29.18530100000001,29.18530100000001,11.727802,514.0
2002-05-20,29.185301000000003,29.4772,29.185301000000003,29.185301000000003,11.727802,0.0
2002-05-21,29.18530100000001,29.428499,29.18530100000001,29.18530100000001,11.727802,352.0
2002-05-22,29.428499,29.574499,29.185301000000003,29.185301000000003,11.727802,1777.0
2002-05-23,29.574499,29.574499,29.2826,29.2826,11.766903999999998,1008.0
2002-05-24,29.2826,29.6231,29.2826,29.525801,11.864633999999999,1079.0
2002-05-27,29.5355,29.574499,29.428499,29.428499,11.82553,226.0
2002-05-28,29.574499,29.574499,29.574499,29.574499,11.884199,432.0
2002-05-29,29.574499,29.768998999999997,29.185301000000003,29.185301000000003,11.727802,3344.0
2002-05-30,29.185301000000003,29.4772,29.185301000000003,29.185301000000003,11.727802,1095.0
2002-05-31,29.185301000000003,29.3799,29.185301000000003,29.185301000000003,11.727802,1675.0
2002-06-03,29.185301000000003,29.3799,29.185301000000003,29.185301000000003,11.727802,1173.0
2002-06-04,29.428499,29.428499,29.18530100000001,29.18530100000001,11.727802,886.0
2002-06-05,29.185301000000003,29.6717,29.0394,29.6717,11.923256,1059.0
2002-06-06,29.3799,29.4772,29.3799,29.4772,11.845101,698.0
2002-06-07,29.3799,29.574499,29.087999,29.087999,11.688708,916.0
2002-06-10,29.2826,29.2826,28.844801,29.18530100000001,11.727802,5737.0
2002-06-11,29.087999,29.18530100000001,29.0783,29.18530100000001,11.727802,796.0
2002-06-12,29.18530100000001,29.18530100000001,28.504299,29.18530100000001,11.727802,2169.0
2002-06-13,29.185301000000003,29.4772,28.504299,28.601601000000002,11.493250999999999,761.0
2002-06-14,29.185301000000003,29.3799,28.6989,28.6989,11.532347999999999,935.0
2002-06-17,29.185301000000003,29.428499,29.185301000000003,29.428499,11.82553,554.0
2002-06-18,29.3799,29.6717,29.185301000000003,29.185301000000003,11.727802,1203.0
2002-06-19,29.185301000000003,29.3312,29.185301000000003,29.185301000000003,11.727802,431.0
2002-06-20,29.7204,29.7204,29.18530100000001,29.7204,11.942827000000001,918.0
2002-06-21,29.574499,29.6717,29.2826,29.4772,11.845101,603.0
2002-06-24,29.2826,29.9149,29.2826,29.9149,12.020983,746.0
2002-06-25,29.9149,29.9149,29.2826,29.885799,12.009292,836.0
2002-06-26,29.3312,29.6717,29.3312,29.6717,11.923256,786.0
2002-06-27,29.3312,29.866301,29.3312,29.866301,12.001456,555.0
2002-06-28,29.6717,29.6717,28.9907,29.6717,11.923256,2703.0
2002-07-01,29.768998999999997,29.768998999999997,28.9907,29.0394,11.669177000000001,68358.0
2002-07-02,27.726,28.1152,27.726,28.1152,12.201135,2570.0
2002-07-03,28.105499,28.105499,27.726,27.969299,12.137817,2574.0
2002-07-04,28.0179,28.095699,28.0179,28.0179,12.158909,11199.0
2002-07-05,28.0179,28.0179,27.628799,27.628799,11.990049,449.0
2002-07-08,27.628799,27.726,27.628799,27.628799,11.990049,987.0
2002-07-09,27.628799,27.628799,27.2883,27.2883,11.842284,1912.0
2002-07-10,27.628799,27.628799,27.0937,27.0937,11.757833999999999,1091.0
2002-07-11,27.239599,27.336901,27.239599,27.336901,11.863375,93.0
2002-07-12,27.336901,27.336901,27.1423,27.239599,11.821150999999999,168.0
2002-07-15,27.1423,27.580099,27.0937,27.580099,11.968914999999999,1033.0
2002-07-16,27.628799,27.764999,27.628799,27.677401,12.011141,637.0
2002-07-17,27.726,27.726,27.6385,27.6385,11.994259,1778.0
2002-07-18,27.726,27.726,27.336901,27.7066,12.023811,2107.0
2002-07-19,27.4342,27.677401,27.336901,27.4342,11.905602,416.0
2002-07-22,27.677401,27.677401,27.336901,27.677401,12.011141,530.0
2002-07-23,27.336901,27.336901,27.239599,27.239599,11.821150999999999,319.0
2002-07-24,27.0937,27.0937,26.2668,26.558598999999997,11.525618,2319.0
2002-07-25,26.2181,26.412701000000002,26.2181,26.2181,11.377852,1208.0
2002-07-26,26.188999,26.188999,25.780399,25.780399,11.187902000000001,777.0
2002-07-29,27.045099,27.6677,26.753201,27.609301000000002,11.981588,4147.0
2002-07-30,27.5509,27.5996,27.5509,27.5996,11.97738,2950.0
2002-07-31,27.336901,27.5509,27.336901,27.5509,11.956246,1028.0
2002-08-01,27.5996,28.2125,27.336901,27.336901,11.863375,1526.0
2002-08-02,27.823299,27.823299,27.823299,27.823299,12.074458,545.0
2002-08-05,27.580099,27.7358,27.580099,27.7358,12.036487,154.0
2002-08-06,27.7358,27.920601,27.4342,27.4342,11.905602,1813.0
2002-08-07,27.969299,27.969299,27.969299,27.969299,12.137817,370.0
2002-08-08,27.969299,27.969299,27.628799,27.628799,11.990049,585.0
2002-08-09,27.726,27.726,27.4342,27.4828,11.926692,1182.0
2002-08-12,27.541201,27.541201,27.385599,27.385599,11.88451,1969.0
2002-08-13,27.473101,27.4828,27.4147,27.4147,11.89714,3181.0
2002-08-14,27.4342,27.628799,27.385599,27.628799,11.990049,305.0
2002-08-15,27.628799,27.628799,27.628799,27.628799,11.990049,0.0
2002-08-16,27.726,27.969299,27.726,27.969299,12.137817,311.0
2002-08-19,27.969299,27.969299,27.969299,27.969299,12.137817,935.0
2002-08-20,28.163798999999997,28.2125,28.163798999999997,28.2125,12.243359,493.0
2002-08-21,28.2027,28.2125,28.2027,28.2125,12.243359,461.0
2002-08-22,28.0179,28.2027,28.0179,28.2027,12.239106,339.0
2002-08-23,28.2125,28.2125,28.027599,28.027599,12.163119,545.0
2002-08-26,28.2027,28.2125,28.0179,28.0179,12.158909,1415.0
2002-08-27,28.0179,28.2125,27.969299,28.0665,12.180002,6302.0
2002-08-28,28.0179,28.1152,27.823299,28.1152,12.201135,2489.0
2002-08-29,27.969299,28.0179,27.7747,28.0179,12.158909,671.0
2002-08-30,27.726,27.823299,27.726,27.823299,12.074458,88.0
2002-09-02,27.969299,27.969299,27.823299,27.823299,12.074458,283.0
2002-09-03,27.823299,27.823299,27.7747,27.7747,12.053367,463.0
2002-09-04,28.105499,28.1152,27.7747,27.7747,12.053367,1241.0
2002-09-05,27.872,28.1152,27.872,27.872,12.095592,0.0
2002-09-06,27.872,27.872,27.872,27.872,12.095592,144.0
2002-09-09,27.872,27.872,27.7747,27.7747,12.053367,645.0
2002-09-10,27.7747,27.7747,27.628799,27.628799,11.990049,1115.0
2002-09-11,27.4828,27.726,27.2883,27.2883,11.842284,2600.0
2002-09-12,27.2883,27.726,27.239599,27.239599,11.821150999999999,1669.0
2002-09-13,27.239599,27.239599,26.8505,27.045099,11.736742999999999,821.0
2002-09-16,27.239599,27.7066,26.996401000000002,26.996401000000002,11.71561,3897.0
2002-09-17,27.4828,27.4828,27.4828,27.4828,11.926692,144.0
2002-09-18,27.4828,27.521798999999998,27.1423,27.1423,11.778928,2112.0
2002-09-19,27.1423,27.239599,26.753201,27.239599,11.821150999999999,3284.0
2002-09-20,27.336901,27.726,27.239599,27.239599,11.821150999999999,925.0
2002-09-23,27.239599,27.726,27.1423,27.726,12.032233,704.0
2002-09-24,27.239599,27.239599,27.239599,27.239599,11.821150999999999,514.0
2002-09-25,27.4828,27.4828,26.9478,27.4828,11.926692,1208.0
2002-09-26,27.239599,27.473101,26.753201,26.753201,11.610068,771.0
2002-09-27,26.753201,26.753201,26.753201,26.753201,11.610068,0.0
2002-09-30,26.908898999999998,27.045099,26.2668,26.2668,11.398986,9612.0
2002-10-01,26.2668,27.045099,26.2668,27.045099,11.736742999999999,1840.0
2002-10-02,26.9478,26.9478,26.315399,26.315399,11.420076,986.0
2002-10-03,26.753201,26.996401000000002,26.753201,26.8505,11.652295,3946.0
2002-10-04,26.753201,26.753201,26.753201,26.753201,11.610068,51.0
2002-10-07,26.753201,26.9478,26.383499,26.753201,11.610068,1574.0
2002-10-08,26.558598999999997,26.899099,26.558598999999997,26.899099,11.673385000000001,951.0
2002-10-09,26.558598999999997,26.558598999999997,26.558598999999997,26.558598999999997,11.525618,196.0
2002-10-10,26.753201,26.753201,26.461399,26.461399,11.483436,420.0
2002-10-11,26.412701000000002,26.558598999999997,26.3641,26.558598999999997,11.525618,609.0
2002-10-14,26.558598999999997,26.899099,26.3641,26.899099,11.673385000000001,2002.0
2002-10-15,26.753201,26.9478,26.3641,26.9478,11.694516,4692.0
2002-10-16,26.9478,26.9478,26.412701000000002,26.412701000000002,11.462302000000001,699.0
2002-10-17,26.51,26.996401000000002,26.51,26.9478,11.694516,658.0
2002-10-18,26.9478,27.0256,26.412701000000002,27.0256,11.728280999999999,1388.0
2002-10-21,26.753201,26.753201,26.753201,26.753201,11.610068,15.0
2002-10-22,27.045099,27.473101,27.045099,27.473101,11.922481,1742.0
2002-10-23,27.473101,27.7747,27.473101,27.7747,12.053367,628.0
2002-10-24,28.1152,28.2027,27.823299,27.823299,12.074458,856.0
2002-10-25,28.0179,28.0179,28.0179,28.0179,12.158909,565.0
2002-10-28,28.0179,28.0179,28.0179,28.0179,12.158909,503.0
2002-10-29,27.920601,28.0179,27.7358,27.7358,12.036487,1681.0
2002-10-30,27.7358,27.7358,27.7358,27.7358,12.036487,0.0
2002-10-31,27.726,27.726,27.3564,27.3564,11.871839,514.0
2002-11-01,27.3564,27.3564,27.3564,27.3564,11.871839,0.0
2002-11-04,27.823299,28.0179,27.628799,27.628799,11.990049,514.0
2002-11-05,27.969299,28.0179,27.969299,28.0179,12.158909,1131.0
2002-11-06,28.0179,28.0179,27.969299,27.969299,12.137817,570.0
2002-11-07,27.726,27.726,27.726,27.726,12.032233,17.0
2002-11-08,27.726,27.726,27.453699,27.453699,11.914063,951.0
2002-11-11,27.453699,27.453699,27.453699,27.453699,11.914063,0.0
2002-11-12,27.4342,27.4342,27.239599,27.2883,11.842284,4300.0
2002-11-13,27.4342,27.4342,27.4342,27.4342,11.905602,514.0
2002-11-14,27.726,28.0179,27.726,28.0179,12.158909,1765.0
2002-11-15,28.2125,28.4557,28.2125,28.4557,12.348901,1237.0
2002-11-18,28.4557,28.4557,28.1152,28.1152,12.201135,1018.0
2002-11-19,28.4557,28.4557,28.4557,28.4557,12.348901,118.0
2002-11-20,28.504299,28.504299,28.4557,28.504299,12.369992,440.0
2002-11-21,28.504299,28.504299,28.504299,28.504299,12.369992,134.0
2002-11-22,28.6989,28.6989,28.6989,28.6989,12.454441000000001,103.0
2002-11-25,29.6231,29.6717,29.233999,29.233999,12.68666,1747.0
2002-11-26,29.428499,29.428499,29.233999,29.428499,12.771065,627.0
2002-11-27,29.18530100000001,29.18530100000001,29.18530100000001,29.18530100000001,12.665524000000001,771.0
2002-11-28,28.601601000000002,29.2826,28.601601000000002,29.2826,12.707751,257.0
2002-11-29,29.1367,29.18530100000001,28.747498999999998,28.747498999999998,12.475533,184.0
2002-12-02,28.747498999999998,29.185301000000003,28.747498999999998,28.747498999999998,12.475533,303.0
2002-12-03,29.1367,29.1367,29.1367,29.1367,12.644432,206.0
2002-12-04,28.747498999999998,29.0394,28.747498999999998,28.747498999999998,12.475533,0.0
2002-12-05,29.0394,29.087999,28.747498999999998,29.087999,12.623298,427.0
2002-12-06,28.747498999999998,29.087999,28.552999,29.087999,12.623298,2950.0
2002-12-09,29.18530100000001,29.18530100000001,28.9907,29.1367,12.644432,1018.0
2002-12-10,29.1367,29.574499,29.1367,29.3312,12.72884,5832.0
2002-12-11,29.6717,30.158199,29.428499,30.158199,13.087733,1336.0
2002-12-12,30.158199,30.158199,29.428499,29.428499,12.771065,737.0
2002-12-13,29.6717,29.6717,29.6717,29.6717,12.876607,108.0
2002-12-16,29.768998999999997,29.768998999999997,29.7204,29.7204,12.897741,226.0
2002-12-17,29.768998999999997,31.033701,29.768998999999997,31.033701,13.467673999999999,1757.0
2002-12-18,30.2554,30.352698999999998,29.768998999999997,29.9636,13.003282,1223.0
2002-12-19,30.352698999999998,30.352698999999998,29.8274,29.866301,12.961061,452.0
2002-12-20,30.158199,30.3041,30.158199,30.158199,13.087733,380.0
2002-12-23,30.177601,30.177601,30.177601,30.177601,13.096150999999999,15.0
2002-12-24,30.343000000000004,31.033701,30.343000000000004,31.033701,13.467673999999999,2024.0
2002-12-25,31.033701,31.033701,31.033701,31.033701,13.467673999999999,0.0
2002-12-26,31.033701,31.033701,31.033701,31.033701,13.467673999999999,0.0
2002-12-27,31.033701,32.103901,31.033701,32.103901,13.932107,5161.0
2002-12-30,32.103901,32.103901,31.9093,32.006599,13.889882,586.0
2002-12-31,31.131001,31.957898999999998,31.131001,31.957898999999998,13.868745,380.0
2003-01-01,31.957898999999998,31.957898999999998,31.957898999999998,31.957898999999998,13.868745,0.0
2003-01-02,31.8606,32.103901,30.654301,30.741899,13.341041,3731.0
2003-01-03,31.6077,31.617399,31.6077,31.617399,13.720982999999999,770.0
2003-01-06,30.790501000000003,31.5201,30.790501000000003,31.5201,13.678757000000001,1630.0
2003-01-07,30.839199,31.422898999999997,30.6446,31.3256,13.594349,1362.0
2003-01-08,31.5688,31.5688,31.1796,31.1796,13.53099,1325.0
2003-01-09,31.1796,31.2283,31.131001,31.131001,13.509898999999999,2673.0
2003-01-10,31.2283,31.3256,31.033701,31.033701,13.467673999999999,2194.0
2003-01-13,31.617399,31.617399,31.033701,31.033701,13.467673999999999,704.0
2003-01-14,30.6446,30.6446,30.352698999999998,30.352698999999998,13.172141,632.0
2003-01-15,30.352698999999998,31.617399,30.352698999999998,31.131001,13.509898999999999,1932.0
2003-01-16,30.450001,31.131001,30.450001,31.082399,13.488809,883.0
2003-01-17,31.131001,31.131001,30.450001,30.450001,13.214366,1380.0
2003-01-20,31.131001,31.422898999999997,30.450001,31.422898999999997,13.636574,2847.0
2003-01-21,31.082399,31.082399,30.450001,31.082399,13.488809,1398.0
2003-01-22,31.131001,31.276899,30.498699,30.498699,13.2355,3266.0
2003-01-23,31.131001,31.2283,30.498699,31.2283,13.552125,1979.0
2003-01-24,31.131001,31.131001,31.131001,31.131001,13.509898999999999,12799.0
2003-01-27,31.2283,31.2283,31.033701,31.082399,13.488809,5389.0
2003-01-28,31.082399,31.3256,31.033701,31.131001,13.509898999999999,4261.0
2003-01-29,31.131001,31.131001,30.352698999999998,30.936398999999998,13.425448999999999,5420.0
2003-01-30,30.9851,30.9851,30.352698999999998,30.352698999999998,13.172141,1038.0
2003-01-31,30.450001,30.450001,30.4014,30.4014,13.193273999999999,3496.0
2003-02-03,30.4014,30.4014,30.4014,30.4014,13.193273999999999,0.0
2003-02-04,31.082399,31.131001,30.4014,30.5959,13.277681,1894.0
2003-02-05,31.082399,31.082399,30.5473,31.082399,13.488809,1778.0
2003-02-06,31.131001,31.131001,30.5473,30.5473,13.256592000000001,504.0
2003-02-07,30.741899,30.741899,30.6446,30.6446,13.298816,312.0
2003-02-10,30.741899,31.082399,30.5473,31.082399,13.488809,1485.0
2003-02-11,31.082399,31.082399,30.5473,31.082399,13.488809,464.0
2003-02-12,31.131001,31.131001,31.033701,31.033701,13.467673999999999,581.0
2003-02-13,31.033701,31.082399,30.6446,30.6446,13.298816,3423.0
2003-02-14,30.6446,31.131001,30.6446,31.131001,13.509898999999999,668.0
2003-02-17,30.741899,30.839199,30.741899,30.839199,13.383267000000002,118.0
2003-02-18,31.082399,31.082399,30.8878,30.8878,13.404357999999998,935.0
2003-02-19,31.131001,31.131001,30.839199,30.839199,13.383267000000002,244.0
2003-02-20,30.839199,30.839199,30.839199,30.839199,13.383267000000002,31.0
2003-02-21,30.839199,30.839199,30.741899,30.741899,13.341041,768.0
2003-02-24,30.839199,30.839199,30.839199,30.839199,13.383267000000002,459.0
2003-02-25,31.131001,31.131001,30.741899,30.8878,13.404357999999998,513.0
2003-02-26,30.8878,31.131001,30.839199,31.1213,13.505692000000002,1547.0
2003-02-27,31.1213,31.1213,30.6446,30.6446,13.298816,692.0
2003-02-28,30.6446,30.6446,30.6446,30.6446,13.298816,27.0
2003-03-03,30.8878,30.8878,30.790501000000003,30.790501000000003,13.362132999999998,798.0
2003-03-04,31.082399,31.082399,31.082399,31.082399,13.488809,360.0
2003-03-05,30.9851,31.1213,30.79050100000001,31.1213,13.505692000000002,1421.0
2003-03-06,30.79050100000001,31.1213,30.79050100000001,31.1213,13.505692000000002,463.0
2003-03-07,31.1213,31.1213,30.79050100000001,30.79050100000001,13.362132999999998,1511.0
2003-03-10,30.4014,30.4014,30.4014,30.4014,13.193273999999999,0.0
2003-03-11,30.741899,31.033701,30.741899,30.839199,13.383267000000002,925.0
2003-03-12,31.082399,31.131001,30.79050100000001,30.79050100000001,13.362132999999998,2199.0
2003-03-13,30.4014,30.4014,30.4014,30.4014,13.193273999999999,0.0
2003-03-14,31.082399,31.1213,30.839199,31.1213,13.505692000000002,1244.0
2003-03-17,30.7516,30.761298999999998,30.7516,30.761298999999998,13.34946,63.0
2003-03-18,31.1213,31.1213,30.761298999999998,31.1213,13.505692000000002,408.0
2003-03-19,31.033701,31.131001,30.79050100000001,31.131001,13.509898999999999,3454.0
2003-03-20,31.131001,31.131001,31.131001,31.131001,13.509898999999999,1192.0
2003-03-21,31.131001,31.131001,31.131001,31.131001,13.509898999999999,2339.0
2003-03-24,31.131001,31.3256,31.131001,31.3256,13.594349,668.0
2003-03-25,30.4014,30.4014,30.4014,30.4014,13.193273999999999,0.0
2003-03-26,30.4014,30.4014,30.4014,30.4014,13.193273999999999,0.0
2003-03-27,31.422898999999997,31.422898999999997,31.3256,31.3256,13.594349,348.0
2003-03-28,30.4014,30.4014,30.4014,30.4014,13.193273999999999,0.0
2003-03-31,31.5688,31.714701,31.5688,31.714701,13.763206,689.0
2003-04-01,31.812,32.006599,31.812,32.006599,13.889882,2945.0
2003-04-02,30.4014,30.4014,30.4014,30.4014,13.193273999999999,0.0
2003-04-03,32.103901,32.103901,32.055199,32.103901,13.932107,1186.0
2003-04-04,32.103901,32.201099,32.103901,32.201099,13.974289,966.0
2003-04-07,30.4014,30.4014,30.4014,30.4014,13.193273999999999,0.0
2003-04-08,32.113602,32.201099,32.103901,32.103901,13.932107,2313.0
2003-04-09,32.298401,32.327599,32.094101,32.103901,13.932107,2631.0
2003-04-10,32.395699,32.395699,31.831498999999997,32.395699,14.058739000000001,760.0
2003-04-11,32.317902000000004,32.8335,32.317902000000004,32.784801,14.227599,4375.0
2003-04-14,32.590302,32.784801,32.590302,32.599998,14.1474,565.0
2003-04-15,30.4014,30.4014,30.4014,30.4014,13.193273999999999,0.0
2003-04-16,32.590302,32.590302,32.590302,32.590302,14.143189999999999,113.0
2003-04-17,32.405398999999996,32.775101,32.395699,32.590302,14.143189999999999,685.0
2003-04-18,30.4014,30.4014,30.4014,30.4014,13.193273999999999,0.0
2003-04-21,30.4014,30.4014,30.4014,30.4014,13.193273999999999,0.0
2003-04-22,32.590302,32.775101,32.405398999999996,32.405398999999996,14.062947,486.0
2003-04-23,32.736198,32.736198,32.736198,32.736198,14.206507,463.0
2003-04-24,32.736198,32.736198,32.4249,32.4249,14.071411999999999,863.0
2003-04-25,32.4249,32.736198,32.103901,32.347099,14.037647,3717.0
2003-04-28,32.103901,32.395699,32.103901,32.395699,14.058739000000001,327.0
2003-04-29,32.210899,32.4249,32.201099,32.201099,13.974289,1117.0
2003-04-30,32.395699,32.395699,31.8606,32.298401,14.016515,6710.0
2003-05-01,30.4014,30.4014,30.4014,30.4014,13.193273999999999,0.0
2003-05-02,32.1525,32.376301,32.1525,32.298401,14.016515,859.0
2003-05-05,32.327599,32.395699,32.298401,32.298401,14.016515,1516.0
2003-05-06,32.298401,32.4249,32.259499,32.4249,14.071411999999999,4003.0
2003-05-07,32.298401,32.590302,32.298401,32.493,14.100964999999999,724.0
2003-05-08,32.590302,32.775101,32.444401,32.570801,14.134727999999999,1773.0
2003-05-09,32.395699,32.677799,32.395699,32.677799,14.181163,2179.0
2003-05-12,30.4014,30.4014,30.4014,30.4014,13.193273999999999,0.0
2003-05-13,32.638901000000004,32.638901000000004,32.493,32.493,14.100964999999999,1408.0
2003-05-14,32.493,32.590302,32.493,32.590302,14.143189999999999,308.0
2003-05-15,32.590302,32.687599,32.493,32.687599,14.185413,1803.0
2003-05-16,32.677799,32.8335,32.677799,32.677799,14.181163,2293.0
2003-05-19,30.4014,30.4014,30.4014,30.4014,13.193273999999999,0.0
2003-05-20,32.677799,32.784801,32.512501,32.512501,14.109429,3570.0
2003-05-21,32.619499,32.736198,32.619499,32.736198,14.206507,2663.0
2003-05-22,32.726501,32.775101,32.599998,32.599998,14.1474,4487.0
2003-05-23,32.736198,32.882099,32.687599,32.687599,14.185413,4503.0
2003-05-26,32.784801,32.784801,32.707001,32.784801,14.227599,4377.0
2003-05-27,29.185301000000003,32.103901,29.185301000000003,31.957898999999998,13.868745,1277.0
2003-05-28,30.4014,30.4014,30.4014,30.4014,13.193273999999999,0.0
2003-05-29,31.812,31.812,31.812,31.812,13.805432000000001,103.0
2003-05-30,31.714701,31.7244,31.714701,31.7244,13.767416,123.0
2003-06-02,31.714701,31.9093,31.714701,31.714701,13.763206,1523.0
2003-06-03,31.7342,31.831498999999997,31.3256,31.831498999999997,13.813892999999998,5426.0
2003-06-04,31.627198999999997,31.802298999999998,31.627198999999997,31.7439,13.775879000000002,3083.0
2003-06-05,31.7439,31.7439,31.140698999999998,31.422898999999997,13.636574,3835.0
2003-06-06,31.617399,31.617399,31.4326,31.5396,13.687221,49261.0
2003-06-09,31.617399,31.617399,31.598,31.598,13.712563000000001,1336.0
2003-06-10,31.5201,31.5882,31.131001,31.4618,13.653454,4116.0
2003-06-11,31.4715,31.957898999999998,31.4618,31.957898999999998,13.868745,3176.0
2003-06-12,31.763399,31.957898999999998,31.763399,31.957898999999998,13.868745,1696.0
2003-06-13,31.957898999999998,32.055199,31.957898999999998,32.045502,13.906766000000001,5290.0
2003-06-16,32.055199,32.298401,31.9676,32.103901,13.932107,10038.0
2003-06-17,32.590302,33.563099,32.590302,32.979401,14.312048,6744.0
2003-06-18,33.563099,33.806301,33.222599,33.806301,14.670897,3000.0
2003-06-19,33.952301,33.952301,33.222599,33.563099,14.565357999999998,4939.0
2003-06-20,33.563099,33.563099,33.465801,33.465801,14.523129,2822.0
2003-06-23,33.5145,33.563099,33.076698,33.076698,14.354276,2382.0
2003-06-24,33.5145,33.5145,33.076698,33.076698,14.354276,713.0
2003-06-25,33.319901,33.465801,33.125301,33.465801,14.523129,1120.0
2003-06-26,30.4014,30.4014,30.4014,30.4014,13.193273999999999,0.0
2003-06-27,31.5201,32.103901,31.510401,32.103901,15.03495,4438.0
2003-06-30,32.201099,32.201099,31.714701,31.928698999999998,14.952898999999999,4424.0
2003-07-01,32.006599,32.006599,31.870399,31.870399,14.925594,5295.0
2003-07-02,31.957898999999998,31.957898999999998,31.617399,31.957898999999998,14.966576000000002,13042.0
2003-07-03,31.889799,31.889799,31.5201,31.812,14.898247,2727.0
2003-07-04,31.812,31.957898999999998,31.6661,31.957898999999998,14.966576000000002,4554.0
2003-07-07,32.006599,32.006599,31.821699,32.006599,14.989382999999998,1520.0
2003-07-08,31.9093,31.996799,31.812,31.919001,14.948356,2151.0
2003-07-09,31.9093,31.9093,31.714701,31.850901,14.916468,3005.0
2003-07-10,31.899599,31.9093,31.617399,31.617399,14.807114000000002,4148.0
2003-07-11,31.6661,31.812,31.6661,31.812,14.898247,1192.0
2003-07-14,31.812,31.812,31.617399,31.802298999999998,14.893704000000001,1339.0
2003-07-15,30.4014,30.4014,30.4014,30.4014,14.23763,0.0
2003-07-16,31.802298999999998,31.802298999999998,31.617399,31.802298999999998,14.893704000000001,2323.0
2003-07-17,31.6661,31.812,31.6369,31.6369,14.816244000000001,2403.0
2003-07-18,30.4014,30.4014,30.4014,30.4014,14.23763,0.0
2003-07-21,31.812,31.812,31.802298999999998,31.812,14.898247,514.0
2003-07-22,31.812,31.889799,31.802298999999998,31.8606,14.921007999999999,1442.0
2003-07-23,31.8412,31.8412,31.821699,31.831498999999997,14.907379,602.0
2003-07-24,31.8606,32.006599,31.627198999999997,31.9774,14.975708,3694.0
2003-07-25,31.9093,32.055199,31.9093,32.055199,15.012141,4410.0
2003-07-28,32.006599,32.026001,31.9093,32.026001,14.998467999999999,1675.0
2003-07-29,30.4014,30.4014,30.4014,30.4014,14.23763,0.0
2003-07-30,32.055199,32.055199,31.919001,32.045502,15.007601000000001,4164.0
2003-07-31,32.055199,32.055199,32.006599,32.055199,15.012141,1892.0
2003-08-01,32.055199,33.553398,31.919001,32.590302,15.262739000000002,6761.0
2003-08-04,31.957898999999998,32.687599,31.957898999999998,32.638901000000004,15.285504000000001,3237.0
2003-08-05,32.687599,33.611801,32.687599,32.882099,15.399396,1568.0
2003-08-06,32.979401,33.076698,32.979401,33.076698,15.490533,435.0
2003-08-07,30.4014,30.4014,30.4014,30.4014,14.23763,0.0
2003-08-08,32.590302,33.057201,32.590302,32.979401,15.444967000000002,800.0
2003-08-11,32.590302,32.590302,32.249802,32.541599,15.239931,2924.0
2003-08-12,32.347099,32.541599,32.298401,32.298401,15.126039000000002,1155.0
2003-08-13,32.298401,33.028,32.298401,33.028,15.467726,6293.0
2003-08-14,33.028,33.076698,33.028,33.076698,15.490533,298.0
2003-08-15,32.979401,32.979401,32.979401,32.979401,15.444967000000002,51.0
2003-08-18,30.4014,30.4014,30.4014,30.4014,14.23763,0.0
2003-08-19,32.638901000000004,33.028,32.590302,33.028,15.467726,2523.0
2003-08-20,33.028,33.028,32.638901000000004,32.648701,15.290092000000001,782.0
2003-08-21,32.930801,33.028,32.784801,32.882099,15.399396,1202.0
2003-08-22,32.638901000000004,33.028,32.638901000000004,33.028,15.467726,713.0
2003-08-25,30.4014,30.4014,30.4014,30.4014,14.23763,0.0
2003-08-26,30.4014,30.4014,30.4014,30.4014,14.23763,0.0
2003-08-27,32.784801,32.979401,32.784801,32.979401,15.444967000000002,974.0
2003-08-28,32.979401,33.028,32.8335,32.8335,15.376636999999999,1873.0
2003-08-29,32.921001000000004,33.067001,32.921001000000004,33.067001,15.485989000000002,966.0
2003-09-01,33.028,33.076698,32.8335,32.8335,15.376636999999999,821.0
2003-09-02,32.843201,33.028,32.8335,33.028,15.467726,280.0
2003-09-03,33.028,33.028,32.8335,33.028,15.467726,1033.0
2003-09-04,30.4014,30.4014,30.4014,30.4014,14.23763,0.0
2003-09-05,32.930801,32.930801,32.736198,32.8335,15.376636999999999,86.0
2003-09-08,30.4014,30.4014,30.4014,30.4014,14.23763,0.0
2003-09-09,32.882099,33.076698,32.8335,32.882099,15.399396,349.0
2003-09-10,32.882099,33.028,32.882099,32.930801,15.422204,1081.0
2003-09-11,32.930801,32.979401,32.930801,32.979401,15.444967000000002,1665.0
2003-09-12,32.998901000000004,33.018299,32.930801,33.018299,15.463184,1474.0
2003-09-15,32.930801,32.979401,32.8335,32.930801,15.422204,1573.0
2003-09-16,32.930801,32.959998999999996,32.930801,32.959998999999996,15.435882000000001,2169.0
2003-09-17,32.843201,32.852901,32.745899,32.843201,15.381179999999999,1283.0
2003-09-18,32.921001000000004,32.959998999999996,32.921001000000004,32.959998999999996,15.435882000000001,339.0
2003-09-19,32.959998999999996,32.979401,32.9016,32.959998999999996,15.435882000000001,2308.0
2003-09-22,32.930801,32.950199,32.8335,32.8335,15.376636999999999,1961.0
2003-09-23,32.784801,32.979401,32.784801,32.882099,15.399396,4713.0
2003-09-24,32.882099,32.979401,32.882099,32.979401,15.444967000000002,1217.0
2003-09-25,32.959998999999996,32.998901000000004,32.930801,32.998901000000004,15.454097,1634.0
2003-09-26,32.989101,33.057201,32.930801,33.057201,15.481401000000002,3561.0
2003-09-29,30.4014,30.4014,30.4014,30.4014,14.23763,0.0
2003-09-30,30.4014,30.4014,30.4014,30.4014,14.23763,0.0
2003-10-01,33.028,33.076698,33.028,33.076698,15.490533,1291.0
2003-10-02,33.057201,33.076698,33.028,33.047501000000004,15.476857,809.0
2003-10-03,33.0378,33.076698,33.0378,33.076698,15.490533,809.0
2003-10-06,33.076698,33.076698,33.057201,33.076698,15.490533,494.0
2003-10-07,33.057201,33.3685,33.0378,33.125301,15.513292999999999,3782.0
2003-10-08,33.3685,33.465801,33.319901,33.319901,15.604429000000001,2290.0
2003-10-09,33.4464,33.4464,33.319901,33.417198,15.649995,869.0
2003-10-10,30.4014,30.4014,30.4014,30.4014,14.23763,0.0
2003-10-13,33.319901,33.563099,33.319901,33.543701,15.709241,4441.0
2003-10-14,33.543701,33.563099,33.543701,33.563099,15.718322,2056.0
2003-10-15,33.426899,33.563099,33.417198,33.563099,15.718322,1776.0
2003-10-16,33.563099,33.563099,33.319901,33.319901,15.604429000000001,2159.0
2003-10-17,33.563099,33.563099,33.076698,33.076698,15.490533,1460.0
2003-10-20,33.5145,33.5145,33.174,33.174,15.536102,176.0
2003-10-21,30.4014,30.4014,30.4014,30.4014,14.23763,0.0
2003-10-22,33.4464,33.5145,33.3685,33.465801,15.672754999999999,4532.0
2003-10-23,33.563099,33.563099,33.4464,33.4464,15.663670000000002,2960.0
2003-10-24,30.4014,30.4014,30.4014,30.4014,14.23763,0.0
2003-10-27,33.543701,33.5923,33.543701,33.5923,15.732,1296.0
2003-10-28,33.465801,33.5826,33.465801,33.563099,15.718322,1622.0
2003-10-29,33.533901,33.611801,33.533901,33.611801,15.741129999999998,2385.0
2003-10-30,33.602001,33.631199,33.563099,33.563099,15.718322,771.0
2003-10-31,33.5145,33.621497999999995,33.5145,33.621497999999995,15.745672,1835.0
2003-11-03,33.5728,33.6409,33.5728,33.5728,15.722867,1167.0
2003-11-04,33.5728,33.806301,33.5728,33.7188,15.79124,2502.0
2003-11-05,33.6604,33.709,33.6604,33.709,15.78665,866.0
2003-11-06,33.709,33.806301,33.709,33.757702,15.809463000000001,4095.0
2003-11-07,33.6604,33.757702,33.5728,33.5728,15.722867,1102.0
2003-11-10,33.6604,33.6604,33.611801,33.611801,15.741129999999998,805.0
2003-11-11,30.4014,30.4014,30.4014,30.4014,14.23763,0.0
2003-11-12,33.602001,33.689602,33.5923,33.689602,15.777566,624.0
2003-11-13,33.611801,33.855,33.5728,33.855,15.855027999999999,4059.0
2003-11-14,33.8647,33.952301,33.757702,33.893902000000004,15.873247000000001,1588.0
2003-11-17,33.806301,33.952301,33.6604,33.952301,15.900594,2268.0
2003-11-18,33.9231,34.0495,33.903599,34.0495,15.946114000000001,6085.0
2003-11-19,34.039799,34.0495,33.952301,34.030102,15.937032,3310.0
2003-11-20,33.962002000000005,34.633301,33.962002000000005,34.584599,16.196711999999998,9010.0
2003-11-21,34.516498999999996,34.584599,34.438702,34.535999,16.17395,2816.0
2003-11-24,30.4014,30.4014,30.4014,30.4014,14.23763,0.0
2003-11-25,35.2169,35.995201,35.2169,35.8979,16.811761999999998,4055.0
2003-11-26,35.508801,35.888199,35.508801,35.80070100000001,16.766243,3413.0
2003-11-27,35.654701,35.995201,35.654701,35.859001,16.793545,5816.0
2003-11-28,35.868801,36.2384,35.868801,36.2384,16.971226,2619.0
2003-12-01,36.2579,36.8708,36.2579,36.8708,17.267391,2287.0
2003-12-02,36.491402,36.968102,36.432999,36.578899,17.130688,2771.0
2003-12-03,36.578899,36.578899,35.7617,35.800701000000004,16.766243,2642.0
2003-12-04,36.112,36.112,35.606097999999996,35.7617,16.747976,2745.0
2003-12-05,35.7617,35.7617,35.070999,35.070999,16.424505,907.0
2003-12-08,35.070999,35.995201,35.070999,35.450401,16.602188,55455.0
2003-12-09,36.1703,36.1703,35.5574,35.5574,16.652296,918.0
2003-12-10,35.7617,35.7617,35.518501,35.518501,16.634079,278.0
2003-12-11,35.7034,35.7617,35.53799799999999,35.7617,16.747976,1262.0
2003-12-12,35.7617,35.800701000000004,35.654701,35.654701,16.697865,776.0
2003-12-15,35.654701,35.820099,35.5574,35.5574,16.652296,858.0
2003-12-16,35.5574,35.80070100000001,35.518501,35.606097999999996,16.675102,2120.0
2003-12-17,35.606097999999996,35.800701000000004,35.4212,35.508801,16.629539,6062.0
2003-12-18,35.411499,35.4212,35.032101000000004,35.032101000000004,16.406288,2793.0
2003-12-19,35.119701,35.411499,35.0224,35.0224,16.401745000000002,6948.0
2003-12-22,35.0224,35.2169,34.652699,34.827801,16.31061,12674.0
2003-12-23,34.827801,35.0224,34.6819,34.925098,16.356176,885.0
2003-12-24,34.876499,35.012699,34.876499,34.925098,16.356176,637.0
2003-12-25,30.4014,30.4014,30.4014,30.4014,14.23763,0.0
2003-12-26,30.4014,30.4014,30.4014,30.4014,14.23763,0.0
2003-12-29,34.876499,35.0224,34.876499,35.0224,16.401745000000002,1903.0
2003-12-30,34.973701,35.0224,34.8862,34.8862,16.337961,2089.0
2003-12-31,35.265598,35.265598,35.265598,35.265598,17.003027,51.0
2004-01-01,30.4014,30.4014,30.4014,30.4014,14.657791,0.0
2004-01-02,35.168301,35.168301,34.779202000000005,35.119701,16.932682,1652.0
2004-01-05,35.0224,35.0224,34.195499,34.3414,16.557432000000002,2220.0
2004-01-06,35.002899,35.012699,34.195499,34.195499,16.487089,2719.0
2004-01-07,34.195499,34.438702,34.0495,34.438702,16.604342000000003,2051.0
2004-01-08,34.438702,34.535999,34.244099,34.535999,16.651255,6479.0
2004-01-09,34.516498999999996,34.516498999999996,33.952301,33.952301,16.369831,10674.0
2004-01-12,34.098202,34.195499,33.971699,34.059298999999996,16.421421,3455.0
2004-01-13,34.059298999999996,34.234402,33.952301,33.952301,16.369831,1607.0
2004-01-14,34.185699,34.185699,33.952301,34.146801,16.463606,2797.0
2004-01-15,34.0495,34.331699,33.952301,33.952301,16.369831,7165.0
2004-01-16,34.146801,34.146801,33.9133,33.9133,16.351025,3748.0
2004-01-19,33.903599,34.156601,33.6604,33.757702,16.276004999999998,4811.0
2004-01-20,33.709,33.709,33.611801,33.6604,16.229094,1511.0
2004-01-21,33.563099,33.563099,33.076698,33.076698,15.947664000000001,1797.0
2004-01-22,33.4561,33.465801,33.086399,33.465801,16.135271,1053.0
2004-01-23,33.3685,33.6507,33.3685,33.6507,16.224417000000006,1482.0
2004-01-26,33.611801,33.6507,33.563099,33.6507,16.224417000000003,1627.0
2004-01-27,33.5923,34.438702,33.5923,34.3414,16.557432000000002,5125.0
2004-01-28,34.321899,34.321899,33.709,33.709,16.252523,380.0
2004-01-29,33.757702,34.244099,33.757702,34.244099,16.510519,300.0
2004-01-30,34.0495,34.224701,33.757702,34.039799,16.412018,2279.0
2004-02-02,33.855,33.903599,33.806301,33.806301,16.299437,1075.0
2004-02-03,33.806301,34.0495,33.806301,33.855,16.322916,1321.0
2004-02-04,34.0009,34.0495,33.855,34.0495,16.416695,1871.0
2004-02-05,34.195499,34.3414,33.855,34.331699,16.552753,3066.0
2004-02-06,34.0495,34.3414,34.0495,34.098202,16.440176,2904.0
2004-02-09,34.244099,34.244099,33.952301,34.030102,16.407341,2035.0
2004-02-10,34.0495,34.3414,34.0495,34.312199,16.543354,2206.0
2004-02-11,34.3414,34.438702,34.331699,34.438702,16.604342000000006,1796.0
2004-02-12,34.516498999999996,34.526199,34.3414,34.516498999999996,16.641853,946.0
2004-02-13,34.526199,34.535999,34.0495,34.195499,16.487089,7910.0
2004-02-16,34.0495,34.487301,33.962002000000005,34.098202,16.440176,8621.0
2004-02-17,34.526199,34.535999,34.253799,34.487301,16.627775,18088.0
2004-02-18,34.535999,34.535999,34.448399,34.448399,16.609022,1879.0
2004-02-19,34.526199,34.526199,34.351101,34.351101,16.562109,1501.0
2004-02-20,34.3414,34.487301,34.3414,34.487301,16.627775,1530.0
2004-02-23,34.467898999999996,34.535999,34.3414,34.535999,16.651255,3178.0
2004-02-24,34.526199,34.5457,34.3414,34.5457,16.655935,2930.0
2004-02-25,34.5457,34.5457,34.487301,34.487301,16.627775,480.0
2004-02-26,34.779202000000005,34.779202000000005,34.3414,34.3414,16.557432000000002,658.0
2004-02-27,34.3414,34.720797999999995,34.3414,34.720797999999995,16.740354999999994,775.0
2004-03-01,34.438702,34.535999,34.351101,34.487301,16.627775,1125.0
2004-03-02,34.6819,34.6819,34.633301,34.662399,16.712198,529.0
2004-03-03,34.535999,34.905602,34.351101,34.905602,16.829458,788.0
2004-03-04,34.438702,34.448399,34.438702,34.448399,16.609022,41.0
2004-03-05,34.438702,34.487301,34.438702,34.4776,16.6231,1301.0
2004-03-08,34.535999,34.876499,34.467898999999996,34.487301,16.627775,915.0
2004-03-09,34.4776,34.779202000000005,34.4776,34.779202000000005,16.768517000000006,633.0
2004-03-10,34.487301,34.769501,34.448399,34.769501,16.763835999999998,1452.0
2004-03-11,34.487301,34.827801,34.448399,34.448399,16.609022,1046.0
2004-03-12,34.535999,34.535999,34.467898999999996,34.467898999999996,16.618422,358.0
2004-03-15,34.448399,34.8181,34.448399,34.8181,16.787266,6172.0
2004-03-16,34.487301,34.876499,34.487301,34.535999,16.651255,1710.0
2004-03-17,34.759701,34.759701,34.467898999999996,34.467898999999996,16.618422,1167.0
2004-03-18,34.467898999999996,34.623501,34.467898999999996,34.623501,16.693443,1046.0
2004-03-19,34.497101,34.6819,34.497101,34.672199,16.716925,945.0
2004-03-22,34.6819,34.6819,34.487301,34.487301,16.627775,915.0
2004-03-23,34.6819,34.6819,34.535999,34.6819,16.7216,1106.0
2004-03-24,34.662399,34.662399,34.535999,34.652699,16.707521,810.0
2004-03-25,34.672199,34.6819,34.584599,34.633301,16.69817,17504.0
2004-03-26,34.672199,34.672199,34.594299,34.594299,16.679361,281.0
2004-03-29,34.6819,34.6819,34.535999,34.535999,16.651255,982.0
2004-03-30,34.487301,34.672199,34.487301,34.535999,16.651255,1932.0
2004-03-31,34.633301,34.633301,34.497101,34.497101,16.632504,35.0
2004-04-01,34.633301,34.633301,34.487301,34.623501,16.693443,578.0
2004-04-02,34.633301,34.633301,34.487301,34.497101,16.632504,987.0
2004-04-05,34.487301,34.604099,34.487301,34.604099,16.684092,267.0
2004-04-06,34.604099,34.6138,34.487301,34.487301,16.627775,1188.0
2004-04-07,34.487301,34.6138,34.487301,34.487301,16.627775,1659.0
2004-04-08,34.633301,34.633301,34.448399,34.448399,16.609022,1785.0
2004-04-09,30.4014,30.4014,30.4014,30.4014,14.657791,0.0
2004-04-12,30.4014,30.4014,30.4014,30.4014,14.657791,0.0
2004-04-13,34.438702,34.526199,34.351101,34.526199,16.646532,1627.0
2004-04-14,34.535999,34.535999,34.3414,34.3414,16.557432000000002,1746.0
2004-04-15,34.331699,34.3414,34.0495,34.0495,16.416695,2585.0
2004-04-16,34.283001,34.292801000000004,34.0495,34.0495,16.416695,1302.0
2004-04-19,34.069,34.234402,34.0495,34.0495,16.416695,1627.0
2004-04-20,34.234402,34.234402,33.086399,33.086399,15.95234,2028.0
2004-04-21,33.028,33.806301,33.028,33.417198,16.111837,7300.0
2004-04-22,32.590302,33.028,32.590302,33.028,15.924187,1042.0
2004-04-23,33.028,33.028,32.103901,32.415199,15.628728,1974.0
2004-04-26,32.590302,32.590302,32.103901,32.201099,15.525502,1813.0
2004-04-27,32.201099,32.249802,31.617399,32.1525,15.502070000000002,2494.0
2004-04-28,32.064899,32.979401,31.2964,32.006599,15.431725,3839.0
2004-04-29,31.996799,31.996799,31.3839,31.422898999999997,15.150298000000001,1443.0
2004-04-30,31.4326,31.4326,31.131001,31.374201,15.126818,2901.0
2004-05-03,31.3839,32.006599,31.2283,31.374201,15.126818,2691.0
2004-05-04,31.374201,32.541599,31.374201,31.627198999999997,15.2488,1341.0
2004-05-05,31.627198999999997,31.627198999999997,31.422898999999997,31.5201,15.197165,669.0
2004-05-06,31.5299,31.578501,30.9851,31.578501,15.225321,1216.0
2004-05-07,31.578501,31.578501,30.8878,30.8878,14.892304999999999,316.0
2004-05-10,30.878099,30.936398999999998,30.450001,30.450001,14.681223000000001,1225.0
2004-05-11,30.4597,31.0434,30.450001,30.6446,14.775047,776.0
2004-05-12,30.6446,30.6446,30.3041,30.3041,14.610881,1887.0
2004-05-13,30.3041,30.936398999999998,30.3041,30.936398999999998,14.915739000000002,323.0
2004-05-14,30.936398999999998,30.936398999999998,30.362499,30.926701,14.91106,750.0
2004-05-17,30.9072,31.033701,30.450001,30.450001,14.681223000000001,2048.0
2004-05-18,30.450001,30.6446,30.2068,30.6446,14.775047,1924.0
2004-05-19,30.79050100000001,30.79050100000001,30.420799,30.634899,14.770372,2507.0
2004-05-20,30.4014,30.6446,30.4014,30.6446,14.775047,180.0
2004-05-21,30.625099,30.634899,30.625099,30.634899,14.770372,113.0
2004-05-24,30.625099,30.6446,30.2554,30.4014,14.657791,6540.0
2004-05-25,30.3722,30.936398999999998,30.352698999999998,30.498699,14.7047,1598.0
2004-05-26,30.556998999999998,30.790501000000003,30.556998999999998,30.6446,14.775047,740.0
2004-05-27,30.6446,30.9851,30.6446,30.693199,14.798479,6121.0
2004-05-28,30.7516,31.5201,30.7516,31.5201,15.197165,3386.0
2004-05-31,31.510401,31.510401,31.510401,31.510401,15.192488,103.0
2004-06-01,31.5007,31.510401,30.8878,30.8878,14.892304999999999,1674.0
2004-06-02,30.8878,31.4715,30.8878,31.2283,15.056472,704.0
2004-06-03,31.2283,32.541599,31.2283,32.541599,15.689673999999998,4155.0
2004-06-04,32.541599,33.086399,32.541599,33.076698,15.947664000000001,1005.0
2004-06-07,33.076698,33.6604,33.076698,33.076698,15.947664000000001,404.0
2004-06-08,33.086399,33.6604,33.076698,33.271301,16.041492,1706.0
2004-06-09,33.261501,33.271301,33.076698,33.076698,15.947664000000001,283.0
2004-06-10,33.086399,33.086399,32.347099,32.9697,15.896076999999998,509.0
2004-06-11,32.9697,33.018299,32.376301,33.018299,15.91951,1485.0
2004-06-14,33.018299,33.3685,32.531898,32.531898,15.684992000000001,267.0
2004-06-15,30.4014,30.4014,30.4014,30.4014,14.657791,0.0
2004-06-16,32.395699,32.930801,32.395699,32.930801,15.877323,926.0
2004-06-17,32.872398,32.872398,32.444401,32.736198,15.783494000000001,1398.0
2004-06-18,32.745899,32.930801,32.444401,32.882099,15.853842000000002,1826.0
2004-06-21,32.882099,32.882099,32.590302,32.590302,15.713154000000001,30.0
2004-06-22,32.599998,32.8335,32.590302,32.8335,15.830409,2697.0
2004-06-23,32.590302,32.590302,32.590302,32.590302,15.713154000000001,149.0
2004-06-24,32.8335,32.8335,32.249802,32.8335,15.830409,9678.0
2004-06-25,32.8335,32.882099,32.8335,32.8335,15.830409,6705.0
2004-06-28,32.852901,32.852901,32.6973,32.6973,15.764741,553.0
2004-06-29,32.6973,32.6973,32.687599,32.687599,15.760066,658.0
2004-06-30,32.687599,32.784801,32.687599,32.784801,15.80693,473.0
2004-07-01,32.784801,32.784801,32.590302,32.590302,15.713154000000001,1448.0
2004-07-02,31.7925,32.094101,31.7925,32.006599,15.905121,1717.0
2004-07-05,32.006599,32.006599,31.957898999999998,31.957898999999998,15.880916000000001,322.0
2004-07-06,32.006599,32.249802,32.006599,32.103901,15.953472,731.0
2004-07-07,32.094101,32.103901,31.6077,32.103901,15.953472,878.0
2004-07-08,32.094101,32.103901,31.627198999999997,31.627198999999997,15.716582,223.0
2004-07-09,31.9676,32.249802,31.957898999999998,32.103901,15.953472,848.0
2004-07-12,32.103901,32.444401,31.957898999999998,32.4249,16.112982000000002,957.0
2004-07-13,32.4249,32.590302,31.938499,32.590302,16.195176999999994,2031.0
2004-07-14,32.590302,33.5145,32.590302,33.5145,16.654442,3441.0
2004-07-15,33.5242,33.757702,32.687599,33.1642,16.480368,2097.0
2004-07-16,33.1642,33.1642,33.076698,33.076698,16.436884,113.0
2004-07-19,33.076698,33.076698,32.590302,33.067001,16.432066,532.0
2004-07-20,33.067001,33.067001,32.599998,32.784801,16.291828,123.0
2004-07-21,32.784801,32.784801,32.590302,32.590302,16.195176999999994,62.0
2004-07-22,32.599998,33.067001,32.570801,32.570801,16.185488,627.0
2004-07-23,32.570801,32.590302,32.103901,32.298401,16.050123000000006,416.0
2004-07-26,32.298401,32.298401,31.812,31.812,15.808414,190.0
2004-07-27,31.870399,32.035801,31.8606,32.035801,15.919626000000001,242.0
2004-07-28,32.035801,32.035801,32.035801,32.035801,15.919626000000001,10.0
2004-07-29,32.0163,32.035801,31.812,31.8606,15.832563,658.0
2004-07-30,31.8606,31.8606,31.812,31.812,15.808414,257.0
2004-08-02,31.812,32.035801,31.763399,32.035801,15.919626000000001,376.0
2004-08-03,32.035801,32.035801,31.782801,31.782801,15.793903,68.0
2004-08-04,31.821699,32.045502,31.812,31.812,15.808414,822.0
2004-08-05,31.812,32.493,31.812,32.493,16.146824,558.0
2004-08-06,32.493,32.882099,32.103901,32.882099,16.340183,761.0
2004-08-09,32.784801,32.784801,32.249802,32.716702000000005,16.25799,622.0
2004-08-10,32.736198,32.736198,32.395699,32.395699,16.098473000000002,363.0
2004-08-11,32.454102,32.590302,32.444401,32.444401,16.122677,304.0
2004-08-12,32.930801,32.930801,32.395699,32.395699,16.098473000000002,720.0
2004-08-13,32.395699,32.882099,32.395699,32.590302,16.195176999999994,1276.0
2004-08-16,32.590302,32.590302,32.590302,32.590302,16.195176999999994,267.0
2004-08-17,32.502701,33.5145,32.502701,33.5145,16.654442,1861.0
2004-08-18,33.806301,33.855,33.465801,33.806301,16.799448,538.0
2004-08-19,33.7966,33.806301,33.290699,33.806301,16.799448,1500.0
2004-08-20,33.806301,33.806301,33.154499,33.154499,16.475545999999998,744.0
2004-08-23,33.2323,33.2323,33.2323,33.2323,16.514208,10.0
2004-08-24,33.2323,33.5145,32.8335,33.076698,16.436884,1397.0
2004-08-25,33.086399,33.125301,32.502701,32.502701,16.151648,848.0
2004-08-26,32.512501,32.862701,32.249802,32.347099,16.074322,1465.0
2004-08-27,32.6973,33.057201,32.590302,32.687599,16.243526,2616.0
2004-08-30,32.784801,32.784801,32.590302,32.590302,16.195176999999994,2380.0
2004-08-31,30.4014,30.4014,30.4014,30.4014,15.107442,0.0
2004-09-01,32.882099,33.076698,32.882099,33.076698,16.436884,720.0
2004-09-02,33.076698,33.076698,33.076698,33.076698,16.436884,366.0
2004-09-03,33.076698,33.125301,32.8335,33.125301,16.461037,2534.0
2004-09-06,33.076698,33.174,33.076698,33.174,16.485239,1799.0
2004-09-07,33.174,33.222599,32.249802,33.076698,16.436884,6123.0
2004-09-08,33.076698,33.076698,32.736198,32.882099,16.340183,335.0
2004-09-09,33.076698,33.076698,33.076698,33.076698,16.436884,26.0
2004-09-10,32.395699,32.8335,32.395699,32.8335,16.316032,54.0
2004-09-13,32.775101,32.775101,32.298401,32.298401,16.050123000000006,428.0
2004-09-14,32.3568,32.784801,32.347099,32.784801,16.291828,977.0
2004-09-15,32.8335,32.8335,32.599998,32.8335,16.316032,2366.0
2004-09-16,32.813999,32.813999,32.687599,32.687599,16.243526,1028.0
2004-09-17,32.638901000000004,32.638901000000004,32.609699,32.609699,16.204819,504.0
2004-09-20,32.687599,32.804297999999996,32.687599,32.707001,16.25317,596.0
2004-09-21,32.707001,32.8335,32.6973,32.8335,16.316032,3042.0
2004-09-22,32.813999,32.813999,32.6973,32.6973,16.248348,183.0
2004-09-23,32.707001,33.076698,32.707001,33.076698,16.436884,5458.0
2004-09-24,33.076698,33.271301,32.687599,33.076698,16.436884,6984.0
2004-09-27,33.076698,33.3685,33.076698,33.076698,16.436884,496.0
2004-09-28,33.086399,33.3685,32.872398,33.076698,16.436884,442.0
2004-09-29,33.076698,33.563099,33.076698,33.563099,16.678593,2358.0
2004-09-30,33.6604,33.952301,33.6604,33.855,16.823648000000002,915.0
2004-10-01,33.563099,33.806301,33.563099,33.563099,16.678593,1090.0
2004-10-04,33.563099,33.563099,33.563099,33.563099,16.678593,149.0
2004-10-05,33.543701,33.553398,32.590302,33.5145,16.654442,737.0
2004-10-06,33.261501,33.271301,33.261501,33.271301,16.533587,678.0
2004-10-07,33.271301,33.563099,33.076698,33.563099,16.678593,1292.0
2004-10-08,33.553398,33.563099,33.5145,33.563099,16.678593,1527.0
2004-10-11,33.553398,33.8452,32.882099,33.835499,16.813957000000002,1079.0
2004-10-12,33.7966,33.855,33.319901,33.855,16.823648000000002,2834.0
2004-10-13,33.855,33.855,33.174,33.174,16.485239,1944.0
2004-10-14,33.174,33.261501,32.882099,32.930801,16.364386,329.0
2004-10-15,32.940498,33.076698,32.930801,33.076698,16.436884,658.0
2004-10-18,33.076698,33.076698,32.687599,32.6973,16.248348,3862.0
2004-10-19,33.086399,33.086399,32.609699,32.609699,16.204819,1477.0
2004-10-20,32.891899,33.349098,32.882099,33.319901,16.557739,337.0
2004-10-21,32.882099,33.076698,32.882099,33.076698,16.436884,639.0
2004-10-22,33.086399,33.3685,32.940498,33.3685,16.581889999999998,283.0
2004-10-25,33.358799,33.3685,33.174,33.174,16.485239,305.0
2004-10-26,33.183701,33.417198,33.028,33.174,16.485239,2125.0
2004-10-27,33.271301,33.465801,33.174,33.222599,16.509388,1871.0
2004-10-28,33.076698,33.5145,33.076698,33.222599,16.509388,1009.0
2004-10-29,33.222599,33.611801,33.174,33.319901,16.557739,299.0
2004-11-01,33.475601,33.475601,32.940498,32.940498,16.369204,292.0
2004-11-02,33.0378,33.3685,33.0378,33.3685,16.581889999999998,383.0
2004-11-03,33.3685,33.3685,33.125301,33.125301,16.461037,154.0
2004-11-04,33.125301,33.125301,32.891899,33.076698,16.436884,1217.0
2004-11-05,33.0961,33.611801,33.0961,33.611801,16.702793,1018.0
2004-11-08,33.563099,33.709,33.3685,33.563099,16.678593,840.0
2004-11-09,33.563099,33.757702,33.563099,33.563099,16.678593,1083.0
2004-11-10,33.806301,34.098202,33.611801,34.098202,16.944502,2722.0
2004-11-11,33.709,34.098202,33.709,34.098202,16.944502,175.0
2004-11-12,34.146801,34.389998999999996,34.0495,34.224701,17.007362,2436.0
2004-11-15,34.253799,34.438702,34.244099,34.438702,17.113708,740.0
2004-11-16,34.419201,34.419201,34.224701,34.224701,17.007362,365.0
2004-11-17,34.195499,34.389998999999996,34.146801,34.389998999999996,17.089506,1425.0
2004-11-18,34.283001,34.3414,34.175999,34.3414,17.065357000000002,1203.0
2004-11-19,34.283001,34.283001,34.098202,34.098202,16.944502,125.0
2004-11-22,34.107898999999996,34.127399,34.098202,34.098202,16.944502,2322.0
2004-11-23,34.107898999999996,34.389998999999996,34.107898999999996,34.146801,16.968653,776.0
2004-11-24,34.253799,34.535999,34.146801,34.487301,17.137857,1941.0
2004-11-25,34.127399,34.779202000000005,34.127399,34.779202000000005,17.282913,2148.0
2004-11-26,34.720797999999995,34.837502,34.3414,34.827801,17.307064,805.0
2004-11-29,34.827801,35.314201000000004,34.827801,35.032101000000004,17.408588,2446.0
2004-11-30,35.032101000000004,35.31420100000001,35.032101000000004,35.304501,17.543953,1742.0
2004-12-01,35.411499,35.411499,34.535999,35.411499,17.59712,2173.0
2004-12-02,35.411499,35.654701,35.3629,35.4212,17.60194,1490.0
2004-12-03,35.4212,35.80070100000001,35.411499,35.80070100000001,17.790526999999994,1229.0
2004-12-06,35.5574,35.9758,35.5574,35.615798999999996,17.698647,1158.0
2004-12-07,35.751999,36.1898,35.751999,36.1898,17.983887,1581.0
2004-12-08,36.1898,36.2384,35.8493,36.2384,18.008034,560.0
2004-12-09,36.248199,36.248199,35.751999,35.9855,17.882362,1764.0
2004-12-10,35.9758,35.9758,35.7034,35.7034,17.742176,10986.0
2004-12-13,35.80070100000001,35.80070100000001,35.528301,35.528301,17.655165,5306.0
2004-12-14,35.80070100000001,35.80070100000001,35.518501,35.5574,17.669628,4723.0
2004-12-15,35.528301,35.751999,35.508801,35.751999,17.766329000000006,1726.0
2004-12-16,35.742298,35.742298,35.654701,35.654701,17.717978,797.0
2004-12-17,35.654701,35.7034,35.5574,35.7034,17.742176,1364.0
2004-12-20,35.645,35.751999,35.508801,35.606097999999996,17.693825,3128.0
2004-12-21,35.606097999999996,35.7034,35.168301,35.168301,17.476269,5149.0
2004-12-22,35.178001,35.178001,34.584599,34.594299,17.191031,3133.0
2004-12-23,34.535999,34.535999,33.670101,34.020401,16.905839999999998,3462.0
2004-12-24,33.903599,33.903599,33.6604,33.806301,16.799448,1828.0
2004-12-27,33.806301,33.903599,33.5826,33.5826,16.688284,1207.0
2004-12-28,33.6604,33.6604,33.271301,33.271301,16.533587,4319.0
2004-12-29,33.3685,33.563099,33.174,33.271301,16.533587,1305.0
2004-12-30,33.319901,34.0495,33.319901,34.0495,16.9203,1466.0
2004-12-31,33.757702,33.757702,33.280998,33.3685,16.581889999999998,2498.0
2005-01-03,33.679901,34.993198,33.679901,34.973701,17.379564000000002,826.0
2005-01-04,34.779202000000005,35.2169,34.779202000000005,34.779202000000005,17.282913,2873.0
2005-01-05,34.788897999999996,35.168301,34.030102,34.526199,17.157192000000002,1752.0
2005-01-06,34.526199,34.594299,34.0495,34.594299,17.191031,982.0
2005-01-07,34.506802,34.535999,34.244099,34.526199,17.157192000000002,3420.0
2005-01-10,34.292801000000004,34.487301,34.292801000000004,34.487301,17.137857,768.0
2005-01-11,34.4776,34.4776,34.244099,34.244099,17.017006,930.0
2005-01-12,34.2052,35.0224,34.2052,34.973701,17.379564000000002,6013.0
2005-01-13,35.0224,35.508801,34.876499,35.411499,17.59712,2977.0
2005-01-14,35.411499,35.8979,35.411499,35.606097999999996,17.693825,1898.0
2005-01-17,35.6255,35.8493,35.6255,35.7034,17.742176,1411.0
2005-01-18,35.8979,35.995201,35.8979,35.8979,17.838831,1609.0
2005-01-19,35.9174,36.2384,35.9174,36.228699,18.003218,4052.0
2005-01-20,36.1898,36.1898,36.005001,36.141201,17.959736,2300.0
2005-01-21,36.335701,36.968102,36.335701,36.919399,18.346447,2009.0
2005-01-24,36.968102,37.113997999999995,36.676201,37.113997999999995,18.44315,1084.0
2005-01-25,37.104301,37.8923,37.104301,37.7463,18.757357,2813.0
2005-01-26,37.736599,37.8923,37.026402000000004,37.045898,18.409311,1003.0
2005-01-27,37.425301,37.794998,37.4058,37.464199,18.617174,1024.0
2005-01-28,37.658798,37.7463,37.4739,37.7463,18.757357,1472.0
2005-01-31,37.697701,37.7463,37.4739,37.697701,18.73321,1554.0
2005-02-01,37.697701,37.697701,37.4739,37.697701,18.73321,1108.0
2005-02-02,37.717201,37.7463,37.4739,37.4837,18.626863,1469.0
2005-02-03,37.4837,37.649101,37.464199,37.464199,18.617174,1029.0
2005-02-04,37.4837,37.649101,37.4739,37.4739,18.621996,343.0
2005-02-07,37.4156,37.5518,37.191798999999996,37.191798999999996,18.481811999999998,1650.0
2005-02-08,37.2113,37.2113,37.065399,37.065399,18.419003,1141.0
2005-02-09,37.026402000000004,37.2113,37.026402000000004,37.2113,18.491501,1399.0
2005-02-10,37.4058,37.454498,36.977798,36.977798,18.375469,2009.0
2005-02-11,37.026402000000004,37.503101,37.016701,37.016701,18.394798,302.0
2005-02-14,37.026402000000004,37.454498,37.016701,37.454498,18.612351999999998,907.0
2005-02-15,37.444801,37.454498,37.444801,37.454498,18.612351999999998,144.0
2005-02-16,37.396099,37.454498,36.997299,37.4058,18.588156,1363.0
2005-02-17,37.4156,37.454498,37.016701,37.259899,18.51565,1635.0
2005-02-18,37.464199,37.697701,37.221001,37.454498,18.612351999999998,1776.0
2005-02-21,37.454498,37.7463,37.2113,37.2113,18.491501,1595.0
2005-02-22,37.259899,37.454498,37.259899,37.259899,18.51565,750.0
2005-02-23,37.259899,37.600398999999996,37.2113,37.600398999999996,18.68486,1839.0
2005-02-24,37.697701,37.697701,37.162601,37.697701,18.73321,505.0
2005-02-25,37.454498,37.454498,37.113997999999995,37.113997999999995,18.44315,1173.0
2005-02-28,37.065399,37.649101,36.968102,36.968102,18.370647,2456.0
2005-03-01,37.435001,37.435001,36.2384,36.958302,18.365778,2557.0
2005-03-02,36.578899,36.578899,36.287102000000004,36.335701,18.056389000000003,579.0
2005-03-03,36.958302,37.2113,36.413601,36.627602,18.201442999999998,1026.0
2005-03-04,37.191798999999996,37.259899,36.968102,36.968102,18.370647,873.0
2005-03-07,37.4058,37.454498,36.968102,37.162601,18.4673,2254.0
2005-03-08,37.649101,37.649101,37.113997999999995,37.113997999999995,18.44315,643.0
2005-03-09,37.259899,37.259899,37.113997999999995,37.113997999999995,18.44315,10361.0
2005-03-10,37.3475,37.3475,36.968102,36.968102,18.370647,1300.0
2005-03-11,36.627602,36.958302,36.481701,36.5303,18.153091,1524.0
2005-03-14,36.471901,36.471901,35.8979,36.432999,18.104738,1972.0
2005-03-15,36.481701,36.958302,36.481701,36.481701,18.128939000000003,1654.0
2005-03-16,36.958302,36.958302,36.481701,36.481701,18.128939000000003,947.0
2005-03-17,36.481701,36.822201,36.092499,36.092499,17.935534,1326.0
2005-03-18,30.4014,30.4014,30.4014,30.4014,15.107442,0.0
2005-03-21,36.481701,36.481701,36.0439,36.481701,18.128939000000003,3084.0
2005-03-22,36.432999,36.481701,35.995201,36.0439,17.911385,2702.0
2005-03-23,36.335701,36.471901,35.995201,36.471901,18.124073000000003,588.0
2005-03-24,36.432999,36.432999,35.8979,35.8979,17.838831,1985.0
2005-03-25,30.4014,30.4014,30.4014,30.4014,15.107442,0.0
2005-03-28,30.4014,30.4014,30.4014,30.4014,15.107442,0.0
2005-03-29,35.8979,35.995201,35.800701000000004,35.800701000000004,17.790526999999997,643.0
2005-03-30,35.80070100000001,35.995201,35.508801,35.995201,17.887184,1918.0
2005-03-31,35.508801,35.995201,35.508801,35.508801,17.645475,3260.0
2005-04-01,35.4991,35.4991,35.411499,35.4991,17.640656,1692.0
2005-04-04,35.518501,35.995201,35.518501,35.995201,17.887184,389.0
2005-04-05,35.995201,35.995201,35.5574,35.615798999999996,17.698647,440.0
2005-04-06,35.995201,35.995201,35.5574,35.6255,17.703464999999994,720.0
2005-04-07,35.995201,36.384399,35.946602,36.384399,18.080587,1713.0
2005-04-08,35.995201,36.180099,35.800701000000004,35.800701000000004,17.790526999999997,1116.0
2005-04-11,36.1898,36.1898,35.995201,36.141201,17.959736,425.0
2005-04-12,36.0439,36.1898,35.995201,36.1898,17.983887,1235.0
2005-04-13,36.1898,36.471901,36.0439,36.471901,18.124073000000006,421.0
2005-04-14,36.1898,36.1898,36.1898,36.1898,17.983887,165.0
2005-04-15,36.199501,36.471901,36.199501,36.471901,18.124073000000003,555.0
2005-04-18,36.481701,36.481701,35.995201,36.0439,17.911385,1949.0
2005-04-19,35.995201,36.520599,35.995201,36.0439,17.911385,294.0
2005-04-20,36.822201,36.822201,35.995201,35.995201,17.887184,117.0
2005-04-21,36.092499,36.092499,36.092499,36.092499,17.935534,257.0
2005-04-22,35.995201,36.432999,35.995201,36.432999,18.104738,344.0
2005-04-25,36.423302,36.423302,36.0439,36.092499,17.935534,844.0
2005-04-26,36.384399,36.432999,35.995201,35.995201,17.887184,3235.0
2005-04-27,35.995201,36.335701,35.995201,36.0439,17.911385,1635.0
2005-04-28,36.1898,36.1898,36.0439,36.0439,17.911385,977.0
2005-04-29,36.014702,36.180099,35.859001,35.859001,17.819502,1644.0
2005-05-02,35.995201,35.995201,35.8493,35.8493,17.814682,1078.0
2005-05-03,36.005001,36.287102000000004,35.995201,36.005001,17.892054,2678.0
2005-05-04,36.287102000000004,36.335701,35.995201,36.2384,18.008034,3095.0
2005-05-05,36.209301,36.209301,36.209301,36.209301,17.993578,411.0
2005-05-06,36.335701,36.335701,36.248199,36.335701,18.056389000000006,212.0
2005-05-09,36.248199,36.890301,36.248199,36.890301,18.331985,2462.0
2005-05-10,36.890301,37.162601,36.608101,36.968102,18.370647,1389.0
2005-05-11,36.773499,37.162601,36.773499,36.783198999999996,18.278763,244.0
2005-05-12,36.822201,36.977798,36.822201,36.977798,18.375469,575.0
2005-05-13,37.162601,37.162601,37.113997999999995,37.162601,18.4673,541.0
2005-05-16,37.2113,37.2113,37.2113,37.2113,18.491501,103.0
2005-05-17,37.2113,37.308601,37.2113,37.308601,18.539852,437.0
2005-05-18,37.4058,37.4058,37.2113,37.2113,18.491501,494.0
2005-05-19,37.4058,37.4058,37.221001,37.221001,18.496325,426.0
2005-05-20,37.4058,37.4058,37.230701,37.308601,18.539852,351.0
2005-05-23,37.357201,37.357201,37.259899,37.259899,18.51565,83.0
2005-05-24,37.357201,37.454498,37.221001,37.454498,18.612351999999998,1274.0
2005-05-25,37.503101,37.7463,37.503101,37.7463,18.757357,2545.0
2005-05-26,37.794998,38.330101,37.5518,38.330101,19.047468,2782.0
2005-05-27,37.600398999999996,38.135502,37.600398999999996,37.794998,18.781558999999998,1685.0
2005-05-30,38.184101,38.427299,38.184101,38.184101,18.974918,1029.0
2005-05-31,38.057701,38.524601000000004,38.057701,38.427299,19.095774,2065.0
2005-06-01,38.437098999999996,38.670601,38.0868,38.670601,19.216677,648.0
2005-06-02,38.670601,38.913799,38.184101,38.252201,19.008754999999997,572.0
2005-06-03,38.913799,38.913799,38.135502,38.534401,19.148994000000002,3383.0
2005-06-06,39.692001,42.805099,39.692001,40.762199,20.256058,4906.0
2005-06-07,40.762199,40.762199,39.448799,40.129799,19.941801,3823.0
2005-06-08,30.4014,30.4014,30.4014,30.4014,15.107442,0.0
2005-06-09,39.8866,40.4217,39.692001,39.8866,19.820944,2131.0
2005-06-10,39.8866,40.2757,39.448799,40.2757,20.014301,3619.0
2005-06-13,40.2757,40.4217,38.962399,38.962399,19.361679000000002,5476.0
2005-06-14,38.962399,39.011101000000004,38.427299,38.806801,19.284359,3916.0
2005-06-15,38.427299,38.427299,37.989601,37.989601,18.878263,8582.0
2005-06-16,38.7192,38.7192,38.0382,38.670601,19.216677,1946.0
2005-06-17,39.4002,39.4002,38.427299,38.437098999999996,19.100641,2438.0
2005-06-20,38.427299,38.913799,38.427299,38.913799,19.337529999999997,5234.0
2005-06-21,38.913799,39.633701,38.913799,39.351501,19.555037,11100.0
2005-06-22,39.8866,40.032501,39.4002,39.4002,19.579237,2289.0
2005-06-23,39.409901,40.032501,39.409901,40.032501,19.893448,330.0
2005-06-24,40.032501,40.0812,39.516899,39.8866,19.820944,11420.0
2005-06-27,40.032501,40.0812,39.7407,40.032501,19.893448,1543.0
2005-06-28,39.983897999999996,40.2757,39.9352,40.2757,20.014301,13138.0
2005-06-29,40.0812,40.324402,40.0812,40.129799,19.941801,743.0
2005-06-30,40.373001,40.519001,40.1395,40.373001,20.062649,2106.0
2005-07-01,40.373001,40.956699,40.1493,40.9081,20.328564,2019.0
2005-07-04,40.859501,40.859501,40.2757,40.2757,20.014301,1298.0
2005-07-05,38.427299,39.565601,38.427299,39.001301,20.5224,1191.0
2005-07-06,39.001301,39.692001,38.7192,38.7192,20.373959,3692.0
2005-07-07,39.8866,39.8866,39.0597,39.0597,20.553129000000002,673.0
2005-07-08,39.4002,39.7407,39.069401,39.254298999999996,20.655527,2074.0
2005-07-11,39.448799,39.7407,39.448799,39.7407,20.91147,216.0
2005-07-12,39.789299,39.8769,39.4585,39.497501,20.783499,1463.0
2005-07-13,39.555801,39.5947,39.4585,39.5947,20.834644,637.0
2005-07-14,39.692001,39.692001,39.4585,39.643398,20.860271,1848.0
2005-07-15,39.4585,39.497501,39.4002,39.4002,20.732302,1050.0
2005-07-18,39.448799,39.7407,39.4002,39.516899,20.793709,1146.0
2005-07-19,39.4002,39.643398,39.351501,39.351501,20.706676,563.0
2005-07-20,39.4002,39.5947,39.0597,39.108299,20.578701000000002,1096.0
2005-07-21,39.643398,39.643398,39.643398,39.643398,20.860271,1.0
2005-07-22,39.546101,39.7407,39.157001,39.302898,20.681097,1361.0
2005-07-25,39.497501,39.8866,39.4002,39.8769,20.983133,3003.0
2005-07-26,39.497501,39.789299,39.497501,39.789299,20.937037,617.0
2005-07-27,39.692001,40.2757,39.692001,40.2757,21.192987,3633.0
2005-07-28,40.2271,40.373001,39.8866,39.983897999999996,21.03944,2615.0
2005-07-29,40.2757,40.373001,39.983897999999996,40.373001,21.244186,1496.0
2005-08-01,40.314701,40.470299,39.8866,40.470299,21.295382,1557.0
2005-08-02,40.373001,40.655201,40.324402,40.4995,21.310747,2101.0
2005-08-03,40.4217,40.655201,40.4217,40.5676,21.346586,3276.0
2005-08-04,40.5676,40.655201,40.0812,40.0812,21.090641,4203.0
2005-08-05,39.983897999999996,40.373001,39.643398,40.032501,21.065014,1306.0
2005-08-08,39.838001,39.838001,39.497501,39.497501,20.783499,1774.0
2005-08-09,39.497501,39.692001,39.4002,39.4002,20.732302,1824.0
2005-08-10,39.692001,40.0812,39.692001,39.692001,20.885845,1140.0
2005-08-11,39.692001,40.5676,39.692001,39.789299,20.937037,3608.0
2005-08-12,40.470299,40.470299,39.789299,39.8866,20.988243,1134.0
2005-08-15,40.0812,40.0812,40.0812,40.0812,21.090641,164.0
2005-08-16,39.8866,40.655201,39.789299,40.655201,21.392677,1446.0
2005-08-17,40.519001,40.519001,39.8866,40.519001,21.321011,1820.0
2005-08-18,40.519001,40.5676,40.256302000000005,40.5676,21.346586,1806.0
2005-08-19,40.5676,40.762199,40.519001,40.5676,21.346586,1016.0
2005-08-22,40.7038,40.762199,39.983897999999996,40.762199,21.448982,1316.0
2005-08-23,40.324402,40.470299,39.8866,40.470299,21.295382,735.0
2005-08-24,40.470299,40.762199,40.373001,40.762199,21.448982,2399.0
2005-08-25,40.664902000000005,40.859501,40.664902000000005,40.664902000000005,21.397781,1682.0
2005-08-26,40.674599,40.762199,40.674599,40.762199,21.448982,333.0
2005-08-29,40.762199,40.859501,40.616199,40.664902000000005,21.397781,1683.0
2005-08-30,41.345901,41.345901,41.005402000000004,41.015099,21.582054,1008.0
2005-08-31,41.345901,42.318699,41.024799,41.890701,22.042797,8958.0
2005-09-01,41.832298,41.832298,41.345901,41.540401,21.858469,1175.0
2005-09-02,41.2486,41.491797999999996,41.2486,41.491797999999996,21.832895,787.0
2005-09-05,41.394501,41.540401,41.394501,41.394501,21.781694,1161.0
2005-09-06,41.394501,41.540401,41.394501,41.394501,21.781694,572.0
2005-09-07,41.345901,41.540401,41.345901,41.443199,21.807322,1302.0
2005-09-08,41.345901,41.345901,41.2486,41.2486,21.704924,808.0
2005-09-09,41.054001,41.5891,41.054001,41.355598,21.761223,4132.0
2005-09-12,41.054001,41.297199,40.956699,40.956699,21.551327,3401.0
2005-09-13,41.054001,41.102699,40.956699,41.102699,21.628151000000003,5055.0
2005-09-14,41.102699,41.151299,40.9081,41.024799,21.587158,1299.0
2005-09-15,41.005402000000004,41.054001,40.878899,40.878899,21.510389,819.0
2005-09-16,41.054001,41.151299,40.9081,40.9081,21.525752999999998,843.0
2005-09-19,40.9081,41.054001,40.859501,40.859501,21.500181,2078.0
2005-09-20,40.956699,40.956699,40.859501,40.9081,21.525752999999998,992.0
2005-09-21,40.616199,40.762199,40.1493,40.66490200000001,21.397781,1611.0
2005-09-22,39.8866,40.616199,39.8866,40.616199,21.372156,982.0
2005-09-23,40.7038,40.7038,40.032501,40.032501,21.065014,1452.0
2005-09-26,40.129799,40.373001,40.129799,40.373001,21.244186,858.0
2005-09-27,40.66490200000001,40.859501,40.4217,40.859501,21.500181,2369.0
2005-09-28,40.859501,40.956699,40.48,40.5676,21.346586,1111.0
2005-09-29,41.190201,41.190201,40.373001,40.373001,21.244186,2673.0
2005-09-30,40.373001,40.470299,40.324402,40.373001,21.244186,2796.0
2005-10-03,40.373001,40.713501,40.373001,40.373001,21.244186,1353.0
2005-10-04,40.373001,40.869202,40.2952,40.859501,21.500181,3133.0
2005-10-05,40.382801,40.956699,40.382801,40.956699,21.551327,1624.0
2005-10-06,41.005402000000004,41.005402000000004,40.519001,40.859501,21.500181,1489.0
2005-10-07,40.956699,41.054001,40.9081,41.054001,21.602528,729.0
2005-10-10,41.2486,41.345901,40.9081,40.956699,21.551327,1552.0
2005-10-11,41.345901,41.345901,41.199902,41.345901,21.756126000000002,719.0
2005-10-12,41.345901,41.345901,41.102699,41.345901,21.756126000000002,1294.0
2005-10-13,41.199902,41.345901,40.9081,41.054001,21.602528,3365.0
2005-10-14,30.4014,30.4014,30.4014,30.4014,15.997148999999999,0.0
2005-10-17,41.443199,42.2117,41.345901,41.676601,21.930138,1055.0
2005-10-18,41.394501,41.676601,41.394501,41.676601,21.930138,67.0
2005-10-19,41.404202000000005,41.7836,41.345901,41.686401000000004,21.935297,2024.0
2005-10-20,41.773899,41.7836,41.151299,41.5891,21.88409,1549.0
2005-10-21,41.443199,41.637699,41.443199,41.637699,21.909668,5263.0
2005-10-24,41.686401000000004,41.832298,41.345901,41.443199,21.807322,3949.0
2005-10-25,41.5891,41.7836,41.491797999999996,41.7836,21.986441,825.0
2005-10-26,41.6572,42.221401,41.637699,41.832298,22.012066,4875.0
2005-10-27,41.637699,41.832298,41.598801,41.832298,22.012066,1768.0
2005-10-28,41.832298,41.832298,41.5891,41.5891,21.88409,2520.0
2005-10-31,41.7836,41.832298,41.6474,41.822601,22.006964,627.0
2005-11-01,41.822601,41.832298,41.822601,41.832298,22.012066,126.0
2005-11-02,41.832298,41.978199,41.686401000000004,41.686401000000004,21.935297,1531.0
2005-11-03,41.9296,41.9296,41.686401000000004,41.822601,22.006964,120.0
2005-11-04,41.686401000000004,41.7836,41.686401000000004,41.686401000000004,21.935297,808.0
2005-11-07,41.812801,41.812801,41.637699,41.637699,21.909668,1977.0
2005-11-08,41.637699,41.7836,41.5891,41.637699,21.909668,2598.0
2005-11-09,30.4014,30.4014,30.4014,30.4014,15.997148999999999,0.0
2005-11-10,41.686401000000004,41.686401000000004,41.5891,41.5891,21.88409,812.0
2005-11-11,41.6474,41.6474,41.6474,41.6474,21.91477,15.0
2005-11-14,41.686401000000004,41.686401000000004,41.5891,41.5891,21.88409,864.0
2005-11-15,41.5891,41.637699,41.151299,41.345901,21.756126000000002,4083.0
2005-11-16,41.345901,41.345901,40.956699,41.054001,21.602528,1106.0
2005-11-17,41.005402000000004,41.005402000000004,40.723301,40.859501,21.500181,4091.0
2005-11-18,41.005402000000004,41.297199,40.9081,40.9081,21.525752999999998,4492.0
2005-11-21,40.966499,41.102699,40.9081,41.102699,21.628151000000003,473.0
2005-11-22,40.917801000000004,40.917801000000004,40.684298999999996,40.762199,21.448982,2630.0
2005-11-23,40.84,40.859501,40.781601,40.781601,21.459188,486.0
2005-11-24,40.762199,40.781601,40.616199,40.625999,21.37731,949.0
2005-11-25,40.616199,40.616199,40.178501000000004,40.178501000000004,21.141838,3343.0
2005-11-28,40.2757,40.66490200000001,40.178501000000004,40.324402,21.218613,3142.0
2005-11-29,40.373001,40.373001,40.373001,40.373001,21.244186,159.0
2005-11-30,40.304901,40.519001,40.304901,40.519001,21.321011,1472.0
2005-12-01,40.616199,40.84,40.489799,40.84,21.48992,1291.0
2005-12-02,40.66490200000001,40.859501,40.66490200000001,40.7719,21.454083999999998,1730.0
2005-12-05,40.713501,41.199902,40.664902000000005,40.859501,21.500181,3570.0
2005-12-06,41.151299,41.5891,41.151299,41.297199,21.730499,2519.0
2005-12-07,41.151299,41.151299,40.859501,41.141602,21.648621,946.0
2005-12-08,41.102699,41.102699,40.917801000000004,41.054001,21.602528,471.0
2005-12-09,41.054001,41.345901,41.054001,41.345901,21.756126000000002,1724.0
2005-12-12,41.2486,41.637699,41.151299,41.160999,21.658827,3913.0
2005-12-13,41.151299,41.345901,41.151299,41.345901,21.756126000000002,3157.0
2005-12-14,41.404202000000005,41.832298,41.345901,41.404202000000005,21.786798,12483.0
2005-12-15,41.7836,41.7836,41.540401,41.540401,21.858469,823.0
2005-12-16,41.443199,41.978199,41.443199,41.9296,22.063267,4587.0
2005-12-19,41.735001000000004,42.221401,41.6474,42.221401,22.216808,4694.0
2005-12-20,42.172798,42.318699,42.172798,42.308997999999995,22.262897,1347.0
2005-12-21,42.221401,42.805099,41.978199,42.1241,22.165609,5190.0
2005-12-22,42.7565,43.875301,42.7565,42.814899,22.529106,2474.0
2005-12-23,42.814899,43.534801,42.814899,43.486098999999996,22.882294,1972.0
2005-12-26,,,,,,
2005-12-27,42.951099,43.087299,42.805099,43.087299,22.672441,1965.0
2005-12-28,43.087299,43.087299,42.853802,42.853802,22.549578,703.0
2005-12-29,42.805099,42.805099,42.6106,42.746798999999996,22.493275,3946.0
2005-12-30,42.746798999999996,42.746798999999996,42.318699,42.318699,22.268005,2822.0
2006-01-02,42.318699,42.766201,42.318699,42.746798999999996,22.493275,6405.0
2006-01-03,42.746798999999996,43.038601,42.746798999999996,42.8927,22.570045,8245.0
2006-01-04,,,,,,
2006-01-05,42.902401,43.486098999999996,42.805099,43.486098999999996,22.882294,4828.0
2006-01-06,43.583401,44.507599,43.291599,44.361698,23.343027,2277.0
2006-01-09,44.021198,45.723701,44.021198,45.723701,24.059711,1280.0
2006-01-10,45.237301,46.112801,45.237301,45.8209,24.110854999999997,1913.0
2006-01-11,45.8307,46.210097999999995,45.674999,46.210097999999995,24.315651000000003,3906.0
2006-01-12,45.237301,46.696498999999996,45.237301,46.6479,24.546022,1864.0
2006-01-13,45.334499,46.015499,45.334499,45.723701,24.059711,1571.0
2006-01-16,46.210097999999995,46.210097999999995,45.480499,45.723701,24.059711,2775.0
2006-01-17,45.674999,45.723701,45.324799,45.723701,24.059711,4002.0
2006-01-18,45.237301,45.480499,44.7995,45.237301,23.803767999999998,3625.0
2006-01-19,45.237301,45.431801,45.139998999999996,45.431801,23.906115,1083.0
2006-01-20,45.237301,45.568001,45.237301,45.568001,23.977783,5230.0
2006-01-23,45.237301,45.431801,45.042702,45.042702,23.701368,2414.0
2006-01-24,45.237301,45.237301,44.556301,44.993999,23.675743,1964.0
2006-01-25,45.139998999999996,45.139998999999996,44.420101,44.750801,23.547771,1169.0
2006-01-26,44.556301,44.750801,44.2644,44.643799,23.491472,4783.0
2006-01-27,44.2644,44.6535,44.1185,44.361698,23.343027,1214.0
2006-01-30,44.361698,44.750801,44.1185,44.3228,23.322561,2920.0
2006-01-31,44.750801,44.750801,44.507599,44.507599,23.419798,1655.0
2006-02-01,44.2644,44.7216,44.2644,44.7216,23.532408,1329.0
2006-02-02,44.702202,44.702202,44.6049,44.702202,23.5222,719.0
2006-02-03,44.702202,44.7216,44.459,44.702202,23.5222,1658.0
2006-02-06,44.6049,44.6049,44.361698,44.459,23.39423,3032.0
2006-02-07,44.2644,44.2644,44.069801,44.069801,23.189435999999997,1188.0
2006-02-08,44.069801,44.6049,44.069801,44.2644,23.291829999999997,1895.0
2006-02-09,44.313,44.313,43.9725,44.2547,23.286726,2848.0
2006-02-10,44.2644,44.2644,42.999699,44.060101,23.184328,1990.0
2006-02-13,43.778,43.778,42.902401,43.388802,22.831091,750.0
2006-02-14,43.048401,43.048401,41.949001,42.64950200000001,22.442073999999998,3726.0
2006-02-15,41.9879,42.2701,41.102699,41.7836,21.986441,5780.0
2006-02-16,41.5891,42.0755,41.394501,41.9296,22.063267,1737.0
2006-02-17,41.9296,42.7565,41.491797999999996,42.659199,22.447178,4993.0
2006-02-20,42.221401,42.999699,42.221401,42.805099,22.523951,2606.0
2006-02-21,,,,,,
2006-02-22,43.291599,44.459,43.291599,44.459,23.39423,2969.0
2006-02-23,44.2644,44.750801,43.787701,44.750801,23.547771,2807.0
2006-02-24,44.6535,45.237301,44.459,44.5271,23.430065,2764.0
2006-02-27,44.361698,44.9454,44.2644,44.2644,23.291829999999997,1980.0
2006-02-28,44.361698,44.750801,44.098999,44.750801,23.547771,318.0
2006-03-01,43.9725,44.848099,43.9725,44.167099,23.240629000000002,1527.0
2006-03-02,43.9725,44.750801,43.9725,44.313,23.317404,1174.0
2006-03-03,43.875301,43.875301,43.875301,43.875301,23.087088,27.0
2006-03-06,43.826599,44.750801,43.632,43.632,22.959064,2602.0
2006-03-07,43.826599,43.826599,42.561901,42.853802,22.549578,2454.0
2006-03-08,42.853802,42.902401,42.805099,42.805099,22.523951,1122.0
2006-03-09,42.805099,42.990002000000004,42.561901,42.853802,22.549578,5493.0
2006-03-10,43.097,43.097,42.318699,42.318699,22.268005,1412.0
2006-03-13,42.3284,42.746798999999996,42.318699,42.746798999999996,22.493275,2024.0
2006-03-14,42.416,42.561901,41.890701,42.318699,22.268005,4726.0
2006-03-15,42.2701,42.2701,42.221401,42.2701,22.242435,839.0
2006-03-16,41.9296,42.318699,41.890701,42.318699,22.268005,3705.0
2006-03-17,42.416,42.6884,42.318699,42.416,22.319212,942.0
2006-03-20,42.416,43.291599,42.416,42.805099,22.523951,1581.0
2006-03-21,43.097,43.758499,42.951099,43.340199,22.805519,2493.0
2006-03-22,43.291599,43.291599,42.853802,43.048401,22.651976,860.0
2006-03-23,43.048401,43.388802,43.048401,43.388802,22.831091,485.0
2006-03-24,43.486098999999996,44.750801,43.486098999999996,44.750801,23.547771,3373.0
2006-03-27,43.797401,44.2644,43.632,43.632,22.959064,969.0
2006-03-28,43.778,43.778,43.4375,43.7682,23.030729,1047.0
2006-03-29,43.4375,43.729301,43.291599,43.719601000000004,23.005157,2354.0
2006-03-30,43.7682,44.429798,42.999699,44.429798,23.37886,1227.0
2006-03-31,43.486098999999996,44.2644,42.951099,44.1185,23.215055,1839.0
2006-04-03,44.1185,44.459,44.1185,44.2644,23.291829999999997,666.0
2006-04-04,44.2644,44.2644,43.778,44.2644,23.291829999999997,461.0
2006-04-05,44.2644,44.2644,43.875301,43.875301,23.087088,500.0
2006-04-06,43.875301,44.2644,43.4375,44.167099,23.240629000000002,2240.0
2006-04-07,43.9725,43.9725,43.486098999999996,43.486098999999996,22.882294,1640.0
2006-04-10,43.778,43.778,43.291599,43.291599,22.779947,1145.0
2006-04-11,43.291599,43.5737,43.242901,43.388802,22.831091,734.0
2006-04-12,43.320702000000004,43.320702000000004,42.853802,42.951099,22.600773,1103.0
2006-04-13,42.951099,42.999699,42.853802,42.902401,22.57515,1593.0
2006-04-14,,,,,,
2006-04-17,,,,,,
2006-04-18,42.951099,42.999699,42.814899,42.853802,22.549578,1358.0
2006-04-19,42.853802,42.902401,42.4646,42.805099,22.523951,4656.0
2006-04-20,42.7565,43.135899,42.7565,43.135899,22.698017,259.0
2006-04-21,42.7565,42.805099,42.7565,42.805099,22.523951,215.0
2006-04-24,42.902401,43.388802,42.902401,43.194302,22.728742999999998,396.0
2006-04-25,43.632,43.778,43.291599,43.778,23.035889,1426.0
2006-04-26,43.048401,43.680698,43.048401,43.048401,22.651976,817.0
2006-04-27,43.632,43.632,43.048401,43.291599,22.779947,637.0
2006-04-28,43.272099,43.291599,42.853802,42.853802,22.549578,2500.0
2006-05-01,,,,,,
2006-05-02,42.853802,42.853802,42.416,42.795398999999996,22.518845000000002,1415.0
2006-05-03,42.318699,42.318699,42.0755,42.0755,22.140036,658.0
2006-05-04,42.318699,42.737,42.026901,42.707901,22.472804999999997,3204.0
2006-05-05,42.659199,42.853802,42.026901,42.561901,22.395982999999998,2565.0
2006-05-08,42.805099,42.844101,42.416,42.416,22.319212,684.0
2006-05-09,42.853802,42.853802,42.853802,42.853802,22.549578,1556.0
2006-05-10,43.242901,43.388802,43.097,43.388802,22.831091,2077.0
2006-05-11,43.408297999999995,43.778,43.408297999999995,43.778,23.035889,3565.0
2006-05-12,43.544498,43.778,43.534801,43.778,23.035889,958.0
2006-05-15,43.729301,43.729301,43.398602000000004,43.534801,22.907919,3573.0
2006-05-16,43.534801,43.534801,43.486098999999996,43.486098999999996,22.882294,3113.0
2006-05-17,43.456902,43.778,43.388802,43.388802,22.831091,2369.0
2006-05-18,43.388802,43.388802,42.853802,42.853802,22.549578,1927.0
2006-05-19,42.853802,42.951099,42.416,42.805099,22.523951,1207.0
2006-05-22,42.951099,42.951099,41.365299,41.365299,21.766331,923.0
2006-05-23,41.365299,42.318699,41.054001,41.491797999999996,21.832895,3048.0
2006-05-24,41.102699,41.540401,41.054001,41.151299,21.653725,2403.0
2006-05-25,41.832298,41.832298,41.832298,41.832298,22.012066,51.0
2006-05-26,42.026901,42.0755,42.026901,42.0755,22.140036,278.0
2006-05-29,42.561901,42.561901,42.4646,42.4646,22.34478,206.0
2006-05-30,42.026901,42.026901,41.345901,41.345901,21.756126000000002,2200.0
2006-05-31,41.151299,41.735001000000004,40.4314,40.859501,21.500181,3734.0
2006-06-01,41.345901,41.345901,40.470299,40.470299,21.295382,1280.0
2006-06-02,40.470299,40.956699,40.470299,40.859501,21.500181,934.0
2006-06-05,40.66490200000001,40.762199,40.66490200000001,40.762199,21.448982,977.0
2006-06-06,40.859501,40.956699,40.5676,40.956699,21.551327,1791.0
2006-06-07,40.470299,41.131901,40.470299,41.131901,21.643517000000003,707.0
2006-06-08,40.66490200000001,41.054001,40.519001,40.859501,21.500181,2060.0
2006-06-09,40.956699,41.297199,40.869202,40.869202,21.505283,5160.0
2006-06-12,41.102699,41.102699,40.713501,40.781601,21.459188,367.0
2006-06-13,40.859501,40.859501,40.470299,40.470299,21.295382,1627.0
2006-06-14,40.616199,41.550201,39.8866,39.8866,20.988243,4124.0
2006-06-15,40.489799,41.345901,40.489799,41.345901,21.756126000000002,1169.0
2006-06-16,41.832298,41.832298,41.832298,41.832298,22.012066,596.0
2006-06-19,41.637699,41.832298,40.956699,41.832298,22.012066,1526.0
2006-06-20,41.832298,42.4646,41.637699,42.4646,22.34478,2215.0
2006-06-21,41.978199,42.561901,41.978199,42.561901,22.395982999999998,1253.0
2006-06-22,42.318699,42.805099,42.0755,42.805099,22.523951,1070.0
2006-06-23,42.318699,43.077498999999996,42.318699,43.077498999999996,22.667288,917.0
2006-06-26,42.805099,42.844101,42.805099,42.844101,22.54447,256.0
2006-06-27,42.853802,43.194302,42.805099,42.805099,22.523951,2530.0
2006-06-28,42.805099,42.805099,42.6106,42.805099,22.523951,1731.0
2006-06-29,43.048401,43.184601,42.853802,43.048401,22.651976,606.0
2006-06-30,43.048401,43.194302,43.048401,43.048401,22.651976,370.0
2006-07-03,42.561901,43.145599,42.561901,42.561901,22.395982999999998,388.0
2006-07-04,30.4014,30.4014,30.4014,30.4014,16.911003,0.0
2006-07-05,41.355598,41.5891,40.723301,40.723301,22.652634,1316.0
2006-07-06,41.5891,41.637699,39.7407,41.345901,22.998966,1626.0
2006-07-07,40.859501,40.859501,40.859501,40.859501,22.728401,257.0
2006-07-10,41.054001,41.345901,40.470299,41.345901,22.998966,1441.0
2006-07-11,40.5676,40.762199,40.5676,40.762199,22.674278,280.0
2006-07-12,41.637699,41.832298,41.443199,41.832298,23.269526000000003,2709.0
2006-07-13,41.832298,41.832298,41.394501,41.637699,23.161278,2458.0
2006-07-14,41.394501,41.394501,41.345901,41.345901,22.998966,524.0
2006-07-17,41.394501,41.443199,41.394501,41.443199,23.053082999999997,411.0
2006-07-18,41.40420200000001,41.443199,41.394501,41.394501,23.025997,1428.0
2006-07-19,41.5891,41.832298,41.394501,41.394501,23.025997,1516.0
2006-07-20,41.443199,41.443199,41.443199,41.443199,23.053082999999997,53.0
2006-07-21,41.7155,41.7155,41.443199,41.443199,23.053082999999997,204.0
2006-07-24,41.5891,41.832298,41.5891,41.832298,23.26952600000001,1053.0
2006-07-25,42.026901,42.172798,40.373001,41.219398,22.928596,5225.0
2006-07-26,41.735001000000004,41.735001000000004,41.394501,41.40420200000001,23.031389,241.0
2006-07-27,41.423698,41.423698,40.859501,41.2486,22.944839,3803.0
2006-07-28,41.540401,41.764198,40.859501,41.345901,22.998966,1663.0
2006-07-31,41.054001,41.345901,40.859501,41.345901,22.998966,2036.0
2006-08-01,41.345901,41.5891,40.9081,40.9081,22.755432,1362.0
2006-08-02,40.956699,41.102699,40.84,40.956699,22.782467,5565.0
2006-08-03,41.005402000000004,41.832298,40.9762,41.083199,22.852835,1734.0
2006-08-04,41.345901,42.153301,41.345901,41.832298,23.26952600000001,798.0
2006-08-07,41.540401,42.4063,41.540401,42.4063,23.588814000000003,3291.0
2006-08-08,42.026901,42.4646,41.618301,42.4646,23.621248,1870.0
2006-08-09,42.6106,42.805099,42.3382,42.3382,23.550933999999998,643.0
2006-08-10,42.785702,43.534801,42.6689,42.805099,23.810654,5099.0
2006-08-11,42.318699,42.318699,42.318699,42.318699,23.540087,510.0
2006-08-14,42.805099,42.805099,42.513302,42.561901,23.675369,1229.0
2006-08-15,30.4014,30.4014,30.4014,30.4014,16.911003,0.0
2006-08-16,42.085201,42.513302,41.9296,41.9296,23.323648000000002,1285.0
2006-08-17,41.832298,42.172798,41.637699,41.832298,23.269526000000003,1728.0
2006-08-18,41.9296,42.2117,41.832298,42.1922,23.469723000000002,250.0
2006-08-21,41.832298,41.9296,41.832298,41.832298,23.269526000000003,768.0
2006-08-22,41.345901,41.345901,41.345901,41.345901,22.998966,51.0
2006-08-23,30.4014,30.4014,30.4014,30.4014,16.911003,0.0
2006-08-24,41.102699,41.345901,41.005402000000004,41.005402000000004,22.809555,2126.0
2006-08-25,41.054001,41.199902,40.956699,41.199902,22.917749,2045.0
2006-08-28,41.054001,41.345901,41.054001,41.209702,22.923199,4692.0
2006-08-29,41.345901,41.735001000000004,41.345901,41.735001000000004,23.215401,762.0
2006-08-30,41.491797999999996,42.221401,41.491797999999996,42.221401,23.485968,3371.0
2006-08-31,42.1241,42.318699,41.832298,41.832298,23.269526000000003,2000.0
2006-09-01,41.832298,42.0755,41.832298,41.832298,23.269526000000003,724.0
2006-09-04,41.880901,42.172798,41.540401,41.540401,23.107155,1139.0
2006-09-05,41.540401,41.832298,41.345901,41.345901,22.998966,1064.0
2006-09-06,41.345901,41.637699,41.345901,41.627998,23.155882000000002,768.0
2006-09-07,41.394501,41.637699,41.394501,41.491797999999996,23.080116,596.0
2006-09-08,41.443199,41.637699,41.005402000000004,41.199902,22.917749,1982.0
2006-09-11,41.151299,41.199902,41.151299,41.199902,22.917749,411.0
2006-09-12,41.443199,41.735001000000004,41.443199,41.735001000000004,23.215401,5176.0
2006-09-13,41.627998,42.026901,41.627998,41.832298,23.269526000000003,2051.0
2006-09-14,41.822601,42.1241,41.822601,41.832298,23.26952600000001,2308.0
2006-09-15,41.832298,42.853802,41.832298,42.853802,23.837746,959.0
2006-09-18,41.9879,42.1339,41.9879,42.1339,23.437294,198.0
2006-09-19,42.513302,42.513302,42.513302,42.513302,23.648338,196.0
2006-09-20,42.707901,42.707901,41.939301,42.172798,23.458931,344.0
2006-09-21,42.659199,42.805099,42.231201,42.318699,23.540087,2087.0
2006-09-22,42.367401,42.805099,42.318699,42.561901,23.675369,13187.0
2006-09-25,42.561901,42.805099,42.318699,42.561901,23.675369,739.0
2006-09-26,42.561901,42.561901,42.318699,42.318699,23.540087,384.0
2006-09-27,42.2701,42.902401,42.2701,42.902401,23.864775,576.0
2006-09-28,42.795398999999996,42.902401,42.318699,42.318699,23.540087,1235.0
2006-09-29,42.707901,43.291599,42.707901,43.097,23.973024,819.0
2006-10-02,43.583401,43.778,43.291599,43.778,24.351831,1696.0
2006-10-03,43.583401,43.583401,42.999699,43.486098999999996,24.189459,1140.0
2006-10-04,43.534801,44.215801,43.097,44.215801,24.595361999999998,5940.0
2006-10-05,43.875301,44.6535,43.875301,44.6535,24.838836999999998,1797.0
2006-10-06,44.167099,44.167099,43.194302,43.291599,24.081274,3228.0
2006-10-09,43.194302,43.194302,43.097,43.097,23.973024,771.0
2006-10-10,43.145599,43.340199,43.048401,43.291599,24.081274,1776.0
2006-10-11,43.048401,43.291599,43.048401,43.291599,24.081274,787.0
2006-10-12,43.291599,43.632,43.058102000000005,43.632,24.27062,3440.0
2006-10-13,43.680698,44.3909,43.632,44.069801,24.514151000000002,1329.0
2006-10-16,43.797401,43.797401,43.787701,43.787701,24.357231,437.0
2006-10-17,44.2644,44.2644,43.797401,43.797401,24.362633,1198.0
2006-10-18,43.875301,44.6535,43.875301,44.021198,24.487118,2339.0
2006-10-19,44.1185,44.1185,43.778,43.778,24.351831,1280.0
2006-10-20,43.778,43.778,43.388802,43.622299,24.265223000000002,1064.0
2006-10-23,43.778,43.778,42.990002000000004,43.291599,24.081274,1725.0
2006-10-24,43.291599,43.340199,43.067799,43.097,23.973024,6039.0
2006-10-25,43.048401,43.534801,43.048401,43.291599,24.081274,698.0
2006-10-26,42.999699,43.476397999999996,42.999699,43.291599,24.081274,860.0
2006-10-27,43.719601000000004,43.719601000000004,43.291599,43.583401,24.243586999999998,226.0
2006-10-30,43.291599,43.388802,43.291599,43.388802,24.135342,1322.0
2006-10-31,43.291599,43.4375,43.291599,43.4375,24.162428,493.0
2006-11-01,43.291599,43.291599,43.291599,43.291599,24.081274,134.0
2006-11-02,43.291599,43.778,43.291599,43.388802,24.135342,797.0
2006-11-03,43.330502,44.147701,43.330502,43.9725,24.460028,1831.0
2006-11-06,44.167099,44.750801,43.9725,44.1185,24.541235,1457.0
2006-11-07,43.923901,44.556301,43.923901,44.556301,24.784769,2679.0
2006-11-08,44.556301,44.848099,44.556301,44.848099,24.947086,2605.0
2006-11-09,44.361698,45.139998999999996,44.361698,45.139998999999996,25.109453,1659.0
2006-11-10,45.139998999999996,45.237301,44.6535,44.993999,25.02824,1175.0
2006-11-13,44.993999,44.993999,44.9454,44.9454,25.001210999999998,462.0
2006-11-14,44.750801,44.9454,44.2644,44.556301,24.784769,1377.0
2006-11-15,44.361698,44.556301,44.021198,44.459,24.730646,1070.0
2006-11-16,43.875301,44.2547,43.875301,44.021198,24.487118,1526.0
2006-11-17,43.923901,43.923901,43.778,43.778,24.351831,524.0
2006-11-20,43.778,43.778,43.680698,43.680698,24.297710000000002,826.0
2006-11-21,43.5737,43.583401,43.486098999999996,43.583401,24.243586999999998,1233.0
2006-11-22,43.534801,43.583401,43.534801,43.534801,24.216553,43503.0
2006-11-23,43.583401,43.583401,43.291599,43.291599,24.081274,1251.0
2006-11-24,43.194302,43.203998999999996,43.048401,43.194302,24.027148999999998,1954.0
2006-11-27,42.999699,43.194302,42.970501,43.097,23.973024,567.0
2006-11-28,42.970501,43.923901,42.853802,43.155398999999996,24.005512,2683.0
2006-11-29,43.632,43.778,43.340199,43.340199,24.108307,2660.0
2006-11-30,43.9142,43.9142,43.291599,43.340199,24.108307,1306.0
2006-12-01,43.534801,44.283901,43.534801,43.719601000000004,24.319351,4835.0
2006-12-04,44.546501,44.546501,43.953098,44.497898,24.752283,804.0
2006-12-05,44.4006,44.410301000000004,44.1185,44.1185,24.541235,822.0
2006-12-06,43.778,44.2644,43.778,43.875301,24.405962,1542.0
2006-12-07,44.167099,44.352001,43.9823,43.9823,24.465479000000002,874.0
2006-12-08,44.021198,44.361698,43.923901,43.923901,24.432989000000003,1249.0
2006-12-11,43.923901,44.2644,43.875301,44.2644,24.6224,1914.0
2006-12-12,44.2644,44.556301,44.215801,44.507599,24.757676999999997,2353.0
2006-12-13,44.507599,44.507599,44.1185,44.507599,24.757676999999997,1280.0
2006-12-14,44.459,44.6535,44.459,44.6535,24.838836999999998,1981.0
2006-12-15,44.6049,44.6049,43.875301,43.875301,24.405962,3142.0
2006-12-18,44.361698,44.361698,43.875301,44.1185,24.541235,1768.0
2006-12-19,44.2644,44.361698,43.534801,43.778,24.351831,2167.0
2006-12-20,44.069801,44.069801,43.097,43.758499,24.340988,4224.0
2006-12-21,43.291599,43.729301,43.291599,43.388802,24.135342,2981.0
2006-12-22,43.291599,43.729301,43.291599,43.729301,24.324747,246.0
2006-12-27,43.534801,43.680698,43.340199,43.340199,24.108307,1046.0
2006-12-28,43.651501,43.651501,40.032501,42.416,23.594212,6117.0
2006-12-29,42.318699,43.272099,41.939301,41.939301,23.329048,1187.0
2007-01-02,41.832298,42.318699,41.822601,42.1339,23.437294,1701.0
2007-01-03,42.318699,42.4646,41.832298,42.4646,23.621248,2279.0
2007-01-04,42.513302,42.805099,42.318699,42.805099,23.810654,1238.0
2007-01-05,42.805099,42.805099,42.561901,42.707901,23.756582,2067.0
2007-01-08,42.951099,43.291599,42.951099,43.291599,24.081274,448.0
2007-01-09,43.583401,43.583401,42.931599,43.048401,23.945992999999998,1438.0
2007-01-10,43.048401,43.194302,42.805099,42.999699,23.918898000000002,2675.0
2007-01-11,42.902401,43.194302,42.902401,42.999699,23.918898000000002,470.0
2007-01-12,42.902401,43.778,42.902401,43.632,24.27062,3775.0
2007-01-15,43.729301,43.875301,43.632,43.778,24.351831,1149.0
2007-01-16,43.875301,43.875301,43.583401,43.778,24.351831,1547.0
2007-01-17,43.583401,45.023201,43.583401,44.750801,24.892962,4966.0
2007-01-18,44.7995,45.0816,44.750801,44.750801,24.892962,1121.0
2007-01-19,44.993999,45.1497,44.848099,44.8578,24.952482,967.0
2007-01-22,45.139998999999996,45.723701,45.003799,45.723701,25.434145,1917.0
2007-01-23,45.568001,46.210097999999995,45.568001,46.112801,25.650582999999997,8931.0
2007-01-24,46.210097999999995,46.599201,46.122501,46.1614,25.677616,1515.0
2007-01-25,45.7528,46.210097999999995,45.529099,45.8209,25.488213000000002,1069.0
2007-01-26,45.713902000000004,46.210097999999995,45.713902000000004,45.743099,25.444937,1927.0
2007-01-29,45.8209,46.5019,45.8209,46.5019,25.867022,1506.0
2007-01-30,45.8209,46.4533,45.577702,45.918201,25.542337,2345.0
2007-01-31,45.723701,45.723701,44.955101,45.237301,25.163584,3883.0
2007-02-01,45.529099,45.840401,45.529099,45.723701,25.434145,3552.0
2007-02-02,45.480499,45.480499,45.480499,45.480499,25.298862,191.0
2007-02-05,45.480499,45.723701,45.480499,45.723701,25.434145,986.0
2007-02-06,45.723701,46.394901000000004,45.723701,45.8209,25.488213000000002,1568.0
2007-02-07,45.8209,46.064201000000004,45.8209,45.8209,25.488213000000002,794.0
2007-02-08,45.772301,45.772301,45.723701,45.723701,25.434145,1593.0
2007-02-09,45.772301,45.9669,45.772301,45.782001,25.466573999999998,778.0
2007-02-12,45.8209,46.210097999999995,45.8209,46.210097999999995,25.704704,1202.0
2007-02-13,46.210097999999995,46.355999,45.9669,46.015499,25.596458,1215.0
2007-02-14,45.869597999999996,45.869597999999996,45.869597999999996,45.869597999999996,25.515303,180.0
2007-02-15,45.869597999999996,46.112801,45.869597999999996,45.9669,25.569423999999998,725.0
2007-02-16,46.064201000000004,46.3074,46.064201000000004,46.3074,25.758831,1913.0
2007-02-19,46.355999,46.355999,45.743099,46.355999,25.785864,4963.0
2007-02-20,46.1614,46.355999,46.1614,46.355999,25.785864,3515.0
2007-02-21,46.258701,46.4533,46.258701,46.404701,25.812952,2048.0
2007-02-22,46.015499,46.3074,46.015499,46.3074,25.758831,925.0
2007-02-23,46.073898,46.404701,46.073898,46.404701,25.812952,936.0
2007-02-26,46.210097999999995,46.210097999999995,46.122501,46.122501,25.655985,1634.0
2007-02-27,46.132301,46.404701,45.480499,46.112801,25.650582999999997,4303.0
2007-02-28,45.237301,45.723701,45.237301,45.577702,25.352929999999997,2216.0
2007-03-01,45.577702,45.577702,45.237301,45.577702,25.352929999999997,2241.0
2007-03-02,45.256699,45.6264,45.042702,45.042702,25.055334,1301.0
2007-03-05,45.042702,45.042702,44.507599,44.507599,24.757676999999997,978.0
2007-03-06,44.7411,44.7411,44.274101,44.702202,24.865925,300.0
2007-03-07,44.6535,44.6535,44.313,44.313,24.649431,344.0
2007-03-08,44.750801,45.042702,44.750801,45.042702,25.055334,657.0
2007-03-09,45.101101,45.879298999999996,45.091301,45.723701,25.434145,1476.0
2007-03-12,45.723701,46.599201,45.723701,46.112801,25.650582999999997,1402.0
2007-03-13,45.334499,45.723701,45.334499,45.723701,25.434145,291.0
2007-03-14,45.723701,45.918201,45.383202000000004,45.723701,25.434145,1125.0
2007-03-15,45.8209,45.8209,45.723701,45.723701,25.434145,1336.0
2007-03-16,45.577702,46.015499,45.237301,46.015499,25.596458,1770.0
2007-03-19,45.723701,45.918201,45.480499,45.480499,25.298862,295.0
2007-03-20,45.334499,45.918201,45.237301,45.723701,25.434145,3251.0
2007-03-21,45.723701,45.723701,45.480499,45.480499,25.298862,752.0
2007-03-22,45.577702,45.577702,45.577702,45.577702,25.352929999999997,243.0
2007-03-23,45.6264,45.6264,45.509602,45.6264,25.380020000000002,68.0
2007-03-26,45.723701,45.918201,45.577702,45.772301,25.461178,1285.0
2007-03-27,45.772301,45.772301,45.6264,45.772301,25.461178,670.0
2007-03-28,45.772301,45.772301,45.6264,45.6264,25.380020000000002,558.0
2007-03-29,45.8209,45.8209,45.577702,45.577702,25.352929999999997,1652.0
2007-03-30,45.480499,45.577702,45.237301,45.431801,25.271774,737.0
2007-04-02,45.431801,45.431801,45.266399,45.2859,25.190619,498.0
2007-04-03,45.295601,45.519402,45.188598999999996,45.237301,25.163584,3770.0
2007-04-04,45.237301,45.480499,45.227501000000004,45.227501000000004,25.158131,1003.0
2007-04-05,45.237301,45.674999,45.237301,45.674999,25.407051,728.0
2007-04-10,45.8988,46.210097999999995,45.8209,45.8209,25.488213000000002,3065.0
2007-04-11,46.200401,46.210097999999995,45.5583,45.5583,25.342138000000002,3269.0
2007-04-12,45.577702,46.112801,45.529099,45.801497999999995,25.477419,1002.0
2007-04-13,46.015499,46.015499,45.480499,45.918201,25.542337,754.0
2007-04-16,46.210097999999995,46.210097999999995,45.723701,46.112801,25.650582999999997,86.0
2007-04-17,45.6264,45.6264,45.247002,45.616699,25.374626,668.0
2007-04-18,45.334499,45.616699,45.334499,45.616699,25.374626,488.0
2007-04-19,45.713902000000004,45.713902000000004,45.237301,45.237301,25.163584,701.0
2007-04-20,45.2859,45.2859,45.2859,45.2859,25.190619,108.0
2007-04-23,45.237301,45.674999,45.237301,45.674999,25.407051,599.0
2007-04-24,45.383202000000004,45.674999,45.383202000000004,45.383202000000004,25.24474,944.0
2007-04-25,45.431801,45.616699,45.383202000000004,45.383202000000004,25.24474,1236.0
2007-04-26,45.431801,45.6264,45.237301,45.334499,25.217646,1398.0
2007-04-27,45.334499,45.334499,45.139998999999996,45.139998999999996,25.109453,3547.0
2007-04-30,45.120499,45.120499,44.750801,44.750801,24.892962,886.0
2007-05-02,45.139998999999996,45.431801,44.634102,44.750801,24.892962,1656.0
2007-05-03,45.139998999999996,45.4221,44.215801,44.507599,24.757676999999997,2476.0
2007-05-04,44.6633,45.431801,44.6535,45.431801,25.271774,637.0
2007-05-07,44.750801,45.237301,44.750801,44.750801,24.892962,1545.0
2007-05-08,44.556301,45.363701,44.546501,45.227501000000004,25.158131,2553.0
2007-05-09,44.6049,44.896801,44.6049,44.750801,24.892962,668.0
2007-05-10,,,,,,
2007-05-11,44.9454,44.9454,44.6049,44.7995,24.920053,1000.0
2007-05-14,44.848099,44.955101,44.6535,44.887001,24.968725,3055.0
2007-05-15,44.848099,44.9454,44.6049,44.9259,24.990362,1654.0
2007-05-16,44.9259,44.9454,44.6049,44.848099,24.947086,1844.0
2007-05-17,44.838402,44.838402,44.838402,44.838402,24.941689999999998,66.0
2007-05-18,44.828701,44.828701,44.828701,44.828701,24.936298,218.0
2007-05-21,44.750801,44.828701,44.750801,44.828701,24.936298,1008.0
2007-05-22,44.750801,44.828701,44.6535,44.6535,24.838836999999998,484.0
2007-05-23,44.828701,44.828701,44.6535,44.828701,24.936298,554.0
2007-05-24,44.6535,44.7995,44.6535,44.750801,24.892962,468.0
2007-05-25,44.6535,44.750801,44.6535,44.750801,24.892962,1004.0
2007-05-28,44.6535,44.770302,44.6535,44.770302,24.903810999999997,225.0
2007-05-29,44.750801,45.042702,44.6535,45.042702,25.055334,3240.0
2007-05-30,44.848099,45.042702,44.6535,45.023201,25.044487,3393.0
2007-05-31,44.993999,45.042702,44.507599,44.750801,24.892962,3126.0
2007-06-01,44.7411,44.7411,44.459,44.7411,24.887567999999998,349.0
2007-06-04,44.750801,44.9454,44.556301,44.9454,25.001210999999998,1898.0
2007-06-05,44.935699,45.237301,44.7995,44.848099,24.947086,2040.0
2007-06-06,44.848099,45.665298,44.848099,45.247002,25.168979999999998,2231.0
2007-06-07,45.480499,45.480499,45.091301,45.091301,25.082365,471.0
2007-06-08,44.993999,44.993999,43.992001,44.711899,24.871325,2584.0
2007-06-11,44.750801,44.750801,44.750801,44.750801,24.892962,195.0
2007-06-12,44.750801,44.896801,44.137901,44.361698,24.676520999999997,1927.0
2007-06-13,,,,,,
2007-06-14,44.6535,45.188598999999996,44.6535,45.188598999999996,25.136492,875.0
2007-06-15,45.139998999999996,45.139998999999996,44.9454,44.9454,25.001210999999998,991.0
2007-06-18,44.9259,44.9454,44.760601,44.9454,25.001210999999998,873.0
2007-06-19,44.760601,44.760601,43.923901,44.2644,24.6224,1510.0
2007-06-20,44.371399,44.750801,44.361698,44.673,24.849684,1599.0
2007-06-21,44.556301,44.556301,43.778,43.787701,24.357231,2141.0
2007-06-22,43.875301,44.157398,43.680698,44.060101,24.508757,2625.0
2007-06-25,43.495899,43.729301,43.486098999999996,43.534801,24.216553,2020.0
2007-06-26,43.680698,43.7682,43.2332,43.388802,24.135342,5842.0
2007-06-27,43.495899,43.495899,43.145599,43.388802,24.135342,3809.0
2007-06-28,43.388802,43.486098999999996,43.349899,43.486098999999996,24.189459,2082.0
2007-06-29,43.486098999999996,43.680698,43.388802,43.388802,24.135342,8518.0
2007-07-02,43.680698,43.778,43.388802,43.534801,24.216553,9909.0
2007-07-03,41.9296,42.5327,41.209702,41.501499,24.420561,11587.0
2007-07-04,41.5891,42.318699,41.5891,41.9296,24.672466,6328.0
2007-07-05,42.0755,42.308997999999995,42.0755,42.289501,24.884241,943.0
2007-07-06,42.1241,42.4646,42.0755,42.4646,24.987270000000002,1199.0
2007-07-09,42.357601,42.805099,42.357601,42.805099,25.187634,938.0
2007-07-10,42.3965,42.717602,41.491797999999996,41.491797999999996,24.414854000000002,5330.0
2007-07-11,41.735001000000004,41.7836,41.258301,41.258301,24.277458,4222.0
2007-07-12,41.5891,41.832298,41.297199,41.297199,24.300344,1134.0
2007-07-13,41.394501,41.637699,40.859501,41.637699,24.500706,3032.0
2007-07-16,41.5891,42.3965,41.2486,42.3965,24.947201,3228.0
2007-07-17,41.832298,42.698101,41.832298,42.698101,25.124672,2487.0
2007-07-18,42.318699,42.416,41.832298,42.3284,24.907129,2063.0
2007-07-19,42.3382,42.561901,42.3382,42.416,24.958675,673.0
2007-07-20,42.416,42.513302,42.3479,42.367401,24.93008,1624.0
2007-07-23,42.513302,42.659199,42.367401,42.377102,24.935789,2145.0
2007-07-24,42.425701000000004,42.707901,42.425701000000004,42.707901,25.130438,1334.0
2007-07-25,42.561901,42.561901,42.318699,42.318699,24.901421,3207.0
2007-07-26,42.221401,42.513302,42.221401,42.318699,24.901421,332.0
2007-07-27,41.832298,42.318699,41.832298,41.832298,24.61521,2107.0
2007-07-30,41.880901,41.880901,41.355598,41.540401,24.443451,3612.0
2007-07-31,41.832298,42.221401,40.956699,42.221401,24.844172,3888.0
2007-08-01,41.550201,41.735001000000004,41.491797999999996,41.540401,24.443451,1341.0
2007-08-02,41.686401000000004,43.048401,41.686401000000004,42.902401,25.244885999999997,5036.0
2007-08-03,41.9296,42.707901,41.9296,42.707901,25.130438,708.0
2007-08-06,42.0755,42.698101,41.9296,42.698101,25.124672,809.0
2007-08-07,42.0755,42.561901,42.0755,42.513302,25.015932,1482.0
2007-08-08,41.890701,42.2117,41.880901,41.880901,24.643814000000003,390.0
2007-08-09,41.832298,42.318699,41.394501,41.394501,24.35760100000001,2133.0
2007-08-10,41.443199,41.443199,41.151299,41.151299,24.214495,874.0
2007-08-13,41.345901,41.735001000000004,41.345901,41.443199,24.386253,1250.0
2007-08-14,41.491797999999996,41.735001000000004,41.151299,41.540401,24.443451,8710.0
2007-08-15,41.4529,41.822601,41.4529,41.822601,24.609503,876.0
2007-08-16,41.686401000000004,41.832298,41.491797999999996,41.832298,24.61521,2423.0
2007-08-17,41.598801,42.435501,41.472301,42.435501,24.970152,3879.0
2007-08-20,41.9296,42.416,41.9296,41.9296,24.672466,2234.0
2007-08-21,41.637699,41.832298,41.637699,41.832298,24.61521,875.0
2007-08-22,41.686401000000004,41.880901,41.686401000000004,41.880901,24.64381400000001,1609.0
2007-08-23,41.637699,42.902401,41.637699,42.902401,25.244885999999997,1088.0
2007-08-24,42.0755,42.805099,42.0755,42.0755,24.758316,211.0
2007-08-27,42.221401,42.221401,42.221401,42.221401,24.844172,257.0
2007-08-28,41.978199,41.978199,41.880901,41.880901,24.64381400000001,365.0
2007-08-29,42.318699,42.318699,41.880901,41.880901,24.64381400000001,248.0
2007-08-30,41.841999,41.841999,40.956699,40.956699,24.099985,1313.0
2007-08-31,41.735001000000004,41.832298,41.735001000000004,41.832298,24.61521,778.0
2007-09-03,41.832298,41.9296,40.956699,40.956699,24.099985,840.0
2007-09-04,41.102699,41.832298,41.102699,41.832298,24.61521,1215.0
2007-09-05,40.956699,41.005402000000004,40.956699,41.005402000000004,24.128637,1671.0
2007-09-06,41.102699,41.102699,41.102699,41.102699,24.185898,504.0
2007-09-07,41.5891,41.637699,41.209702,41.209702,24.248860999999998,676.0
2007-09-10,,,,,,
2007-09-11,41.9296,42.707901,41.841999,42.707901,25.130438,345.0
2007-09-12,42.805099,42.902401,42.416,42.902401,25.244885999999997,2823.0
2007-09-13,42.3965,42.805099,42.3965,42.435501,24.970152,597.0
2007-09-14,42.318699,42.776001,42.318699,42.318699,24.901421,1006.0
2007-09-17,42.513302,42.513302,42.2701,42.2701,24.872826,1521.0
2007-09-18,42.503601,42.513302,42.318699,42.318699,24.901421,1884.0
2007-09-19,42.503601,42.707901,42.1241,42.6106,25.073185000000002,3236.0
2007-09-20,42.318699,42.513302,40.0812,42.513302,25.015932,14843.0
2007-09-21,42.386798999999996,42.513302,41.8615,42.513302,25.015932,2759.0
2007-09-24,41.978199,42.4646,41.939301,42.2701,24.872826,833.0
2007-09-25,,,,,,
2007-09-26,42.172798,42.2701,41.978199,42.026901,24.729717,1519.0
2007-09-27,41.939301,41.9879,41.005402000000004,41.005402000000004,24.128637,1768.0
2007-09-28,40.5676,41.297199,38.437098999999996,38.476002,22.640273999999998,23211.0
2007-10-01,39.8866,40.373001,38.913799,38.913799,22.897888000000002,1589.0
2007-10-02,40.178501000000004,40.178501000000004,39.546101,39.546101,23.269949,1030.0
2007-10-03,40.2757,40.2757,39.8866,39.8866,23.47031,303.0
2007-10-04,40.032501,40.032501,39.497501,39.8866,23.47031,1092.0
2007-10-05,40.2271,40.2271,39.5266,39.8866,23.47031,971.0
2007-10-08,39.8866,40.2271,39.516899,39.516899,23.252771,1895.0
2007-10-09,39.516899,40.0812,39.516899,39.643398,23.327206,1526.0
2007-10-10,39.8866,39.8866,39.8866,39.8866,23.47031,103.0
2007-10-11,39.5947,39.8866,39.5947,39.643398,23.327206,765.0
2007-10-12,39.692001,39.692001,39.643398,39.643398,23.327206,339.0
2007-10-15,39.692001,40.2757,39.516899,39.516899,23.252771,1987.0
2007-10-16,39.7407,39.7407,39.546101,39.546101,23.269949,75.0
2007-10-17,40.0812,40.0812,39.8866,40.0033,23.538979,1831.0
2007-10-18,40.0812,40.2757,39.847698,40.129799,23.613419,2714.0
2007-10-19,40.129799,40.129799,39.789299,39.789299,23.413057000000002,651.0
2007-10-22,39.789299,40.168701,39.6045,39.701801,23.361568,4728.0
2007-10-23,39.8866,39.8866,39.8866,39.8866,23.47031,179.0
2007-10-24,39.906101,39.9352,39.896301,39.896301,23.476021,648.0
2007-10-25,40.373001,40.713501,39.9352,40.0033,23.538979,1396.0
2007-10-26,40.373001,40.373001,40.2174,40.2174,23.664963,646.0
2007-10-29,40.616199,40.616199,40.0812,40.0812,23.584822,330.0
2007-10-30,40.129799,40.129799,40.0812,40.0812,23.584822,419.0
2007-10-31,40.2271,40.324402,40.129799,40.129799,23.613419,616.0
2007-11-01,40.1395,40.1395,39.7407,39.7407,23.384457,971.0
2007-11-02,39.7407,39.8866,39.5947,39.692001,23.355806,507.0
2007-11-05,,,,,,
2007-11-06,39.8671,40.7038,39.8671,40.7038,23.951173999999998,1647.0
2007-11-07,40.373001,40.373001,39.507197999999995,39.507197999999995,23.247061,1047.0
2007-11-08,39.8866,40.0812,39.497501,39.692001,23.355806,3100.0
2007-11-09,39.6628,39.8866,39.157001,39.643398,23.327206,2450.0
2007-11-12,39.4002,39.4002,38.962399,39.157001,23.040997,2074.0
2007-11-13,39.225101,39.497501,38.913799,39.497501,23.241356,37540.0
2007-11-14,39.497501,39.497501,39.302898,39.497501,23.241356,19390.0
2007-11-15,39.069401,39.351501,39.069401,39.351501,23.155447,380.0
2007-11-16,39.302898,39.302898,39.157001,39.157001,23.040997,566.0
2007-11-19,39.205601,39.205601,38.913799,38.913799,22.897888000000002,1479.0
2007-11-20,38.670601,38.913799,38.670601,38.670601,22.754787,371.0
2007-11-21,38.913799,38.913799,36.306499,36.968102,21.752993,3100.0
2007-11-22,37.113997999999995,37.454498,36.092499,36.199501,21.300728,2630.0
2007-11-23,36.384399,37.357201,36.384399,37.357201,21.981945,3300.0
2007-11-26,,,,,,
2007-11-27,37.940899,37.940899,37.649101,37.940899,22.325409,794.0
2007-11-28,37.454498,37.843601,37.4156,37.4156,22.016312,1375.0
2007-11-29,37.697701,37.697701,37.357201,37.4058,22.010544,1673.0
2007-11-30,37.357201,38.135502,37.065399,38.0868,22.411263,1101.0
2007-12-03,38.330101,38.330101,37.940899,37.940899,22.325409,384.0
2007-12-04,37.940899,38.670601,37.940899,38.427299,22.611624,20626.0
2007-12-05,37.8242,37.8242,37.454498,37.7463,22.210905,1055.0
2007-12-06,38.0382,38.660801,38.0382,38.660801,22.749016,990.0
2007-12-07,38.913799,38.913799,38.476002,38.476002,22.640273999999998,3270.0
2007-12-10,38.7192,39.351501,38.7192,39.351501,23.155447,5270.0
2007-12-11,39.302898,39.546101,39.011101000000004,39.546101,23.269949,883.0
2007-12-12,39.205601,39.497501,39.0597,39.497501,23.241356,643.0
2007-12-13,39.4002,39.4002,39.069401,39.157001,23.040997,2455.0
2007-12-14,39.546101,39.546101,38.7192,38.7192,22.783383999999998,2131.0
2007-12-17,38.7192,38.7192,38.427299,38.427299,22.611624,995.0
2007-12-18,,,,,,
2007-12-19,38.476002,38.728901,38.476002,38.476002,22.640273999999998,665.0
2007-12-20,38.767799,38.816502,38.621899,38.816502,22.840639000000003,478.0
2007-12-21,38.913799,39.011101000000004,38.427299,38.427299,22.611624,925.0
2007-12-24,38.476002,38.7192,38.476002,38.524601000000004,22.668877,303.0
2007-12-27,38.524601000000004,38.621899,38.476002,38.621899,22.726128,396.0
2007-12-28,38.476002,38.476002,38.476002,38.476002,22.640273999999998,267.0
2007-12-31,38.621899,38.621899,38.427299,38.427299,22.611624,1377.0
2008-01-02,38.427299,38.913799,38.427299,38.913799,22.897888000000002,2066.0
2008-01-03,38.913799,39.4002,38.7192,38.7192,22.783383999999998,1136.0
2008-01-04,38.865101,39.108299,38.728901,38.728901,22.789089,3048.0
2008-01-07,,,,,,
2008-01-08,39.254298999999996,39.4002,39.254298999999996,39.302898,23.126844000000002,1887.0
2008-01-09,39.205601,39.8866,39.205601,39.4002,23.184101000000002,1489.0
2008-01-10,39.838001,40.470299,39.789299,40.470299,23.813776,2600.0
2008-01-11,39.8866,40.713501,39.838001,39.983897999999996,23.527563,2969.0
2008-01-14,40.596802000000004,40.596802000000004,39.565601,39.8866,23.47031,1881.0
2008-01-15,40.324402,40.324402,39.302898,39.4002,23.184101000000002,1682.0
2008-01-16,39.4002,39.643398,38.767799,38.767799,22.811981,5108.0
2008-01-17,39.011101000000004,39.789299,38.913799,39.011101000000004,22.955145,1916.0
2008-01-18,39.011101000000004,39.011101000000004,38.534401,38.534401,22.674643,645.0
2008-01-21,38.913799,38.913799,36.481701,36.481701,21.466778,7154.0
2008-01-22,36.676201,37.386398,36.676201,36.676201,21.581228,1955.0
2008-01-23,37.357201,37.697701,37.065399,37.065399,21.810244,4138.0
2008-01-24,37.794998,38.1647,37.794998,37.9506,22.331120000000002,1073.0
2008-01-25,38.699699,38.865101,38.699699,38.865101,22.869234,560.0
2008-01-28,38.913799,38.933201000000004,38.0382,38.0382,22.382664000000002,1867.0
2008-01-29,38.7192,38.7192,37.454498,37.843601,22.268158,6299.0
2008-01-30,37.843601,37.843601,37.649101,37.697701,22.182308,5125.0
2008-01-31,37.6101,38.670601,37.600398999999996,37.989601,22.354070999999998,1043.0
2008-02-01,38.427299,38.913799,37.697701,37.697701,22.182308,1056.0
2008-02-04,38.865101,38.913799,38.184101,38.184101,22.468515,750.0
2008-02-05,38.281399,38.7192,37.940899,37.940899,22.325409,2673.0
2008-02-06,37.940899,37.940899,37.697701,37.940899,22.325409,2880.0
2008-02-07,37.8923,37.8923,37.503101,37.7463,22.210905,3298.0
2008-02-08,37.931197999999995,38.417598999999996,37.454498,37.600398999999996,22.125051000000003,1474.0
2008-02-11,37.7463,37.940899,37.5518,37.940899,22.325409,963.0
2008-02-12,37.649101,38.417598999999996,37.6101,37.697701,22.182308,4388.0
2008-02-13,37.649101,38.0382,37.649101,38.0382,22.382664000000002,623.0
2008-02-14,37.940899,37.940899,37.5518,37.649101,22.153707999999998,3630.0
2008-02-15,37.649101,37.649101,37.5518,37.649101,22.153707999999998,4229.0
2008-02-18,37.921501,38.145199,37.649101,37.649101,22.153707999999998,5624.0
2008-02-19,37.921501,39.4002,37.921501,38.427299,22.611624,4633.0
2008-02-20,38.047901,38.427299,38.047901,38.184101,22.468515,401.0
2008-02-21,38.0966,38.816502,38.0868,38.427299,22.611624,1277.0
2008-02-22,38.913799,38.913799,38.193901000000004,38.903999,22.892124,818.0
2008-02-25,38.427299,38.524601000000004,38.281399,38.330101,22.554426,5246.0
2008-02-26,38.330101,38.427299,38.330101,38.427299,22.611624,1028.0
2008-02-27,38.524601000000004,38.913799,38.524601000000004,38.913799,22.897888000000002,776.0
2008-02-28,38.9235,39.011101000000004,38.9235,39.011101000000004,22.955145,938.0
2008-02-29,39.011101000000004,39.254298999999996,38.7192,38.7192,22.783383999999998,1218.0
2008-03-03,39.302898,39.302898,38.962399,38.962399,22.926486999999998,436.0
2008-03-04,38.913799,39.244499,38.816502,39.011101000000004,22.955145,1796.0
2008-03-05,39.0597,39.0597,39.011101000000004,39.011101000000004,22.955145,103.0
2008-03-06,39.302898,39.302898,39.302898,39.302898,23.126844000000002,786.0
2008-03-07,39.302898,39.302898,39.0597,39.0597,22.983744,1076.0
2008-03-10,39.254298999999996,39.448799,39.254298999999996,39.293201,23.12114,842.0
2008-03-11,39.293201,39.497501,39.293201,39.497501,23.241356,591.0
2008-03-12,39.497501,39.584998999999996,39.4002,39.507197999999995,23.247061,1053.0
2008-03-13,,,,,,
2008-03-14,,,,,,
2008-03-17,39.643398,39.643398,39.643398,39.643398,23.327206,51.0
2008-03-18,39.546101,39.789299,39.507197999999995,39.507197999999995,23.247061,0.0
2008-03-19,39.8769,40.373001,39.8769,40.373001,23.756523,0.0
2008-03-20,39.692001,40.2271,39.692001,39.838001,23.441713,0.0
2008-03-25,39.6045,40.2757,39.6045,39.789299,23.413057000000002,0.0
2008-03-26,39.983897999999996,40.324402,39.8866,40.2174,23.664963,0.0
2008-03-27,40.197899,40.197899,39.838001,39.838001,23.441713,0.0
2008-03-28,39.838001,39.8866,39.789299,39.8866,23.47031,0.0
2008-03-31,39.983897999999996,39.983897999999996,39.8866,39.8866,23.47031,0.0
2008-04-01,40.0812,40.0812,39.8866,40.0812,23.584822,0.0
2008-04-02,39.8866,40.129799,39.789299,39.8866,23.47031,0.0
2008-04-03,39.8866,40.2757,39.8866,40.2757,23.699268,0.0
2008-04-04,39.7407,39.9352,39.643398,39.9352,23.498911,0.0
2008-04-07,40.188202000000004,40.188202000000004,40.0812,40.0812,23.584822,0.0
2008-04-08,40.2271,40.655201,40.2271,40.236801,23.676384,924.0
2008-04-09,40.129799,40.1395,40.129799,40.1395,23.619125,521.0
2008-04-10,40.178501000000004,40.5481,40.129799,40.178501000000004,23.642073,1819.0
2008-04-11,40.178501000000004,40.178501000000004,40.178501000000004,40.178501000000004,23.642073,360.0
2008-04-14,40.324402,40.5676,40.324402,40.324402,23.727926,924.0
2008-04-15,40.655201,40.66490200000001,40.470299,40.470299,23.813776,771.0
2008-04-16,40.519001,40.519001,39.507197999999995,39.507197999999995,23.247061,4091.0
2008-04-17,39.983897999999996,39.983897999999996,39.8866,39.8866,23.47031,76.0
2008-04-18,39.8866,39.8866,39.643398,39.643398,23.327206,198.0
2008-04-21,40.178501000000004,40.2757,39.692001,39.692001,23.355806,1007.0
2008-04-22,39.8866,39.906101,39.8866,39.8866,23.47031,607.0
2008-04-23,40.2757,40.762199,40.2757,40.762199,23.985538000000002,3339.0
2008-04-24,40.5676,40.5676,40.129799,40.129799,23.613419,797.0
2008-04-25,40.2271,40.557899,40.2271,40.373001,23.756523,703.0
2008-04-28,40.519001,40.519001,40.470299,40.470299,23.813776,483.0
2008-04-29,40.557899,40.557899,40.373001,40.373001,23.756523,236.0
2008-04-30,40.373001,40.373001,40.373001,40.373001,23.756523,430.0
2008-05-02,40.373001,40.4217,40.373001,40.4217,23.785176999999997,103.0
2008-05-05,40.2271,40.762199,40.2271,40.762199,23.985538000000002,1422.0
2008-05-06,40.616199,40.849701,40.616199,40.616199,23.899628,396.0
2008-05-07,40.625999,40.713501,40.625999,40.713501,23.956882,226.0
2008-05-08,40.84,40.849701,40.625999,40.762199,23.985538000000002,982.0
2008-05-09,40.664902000000005,40.762199,40.664902000000005,40.762199,23.985538000000002,1302.0
2008-05-12,40.762199,40.849701,40.664902000000005,40.664902000000005,23.928282,660.0
2008-05-13,40.801102,40.801102,40.2271,40.2271,23.670671,3207.0
2008-05-14,40.655201,40.664902000000005,40.655201,40.664902000000005,23.928282,905.0
2008-05-15,40.664902000000005,40.664902000000005,40.373001,40.5676,23.871026999999998,873.0
2008-05-16,40.664902000000005,40.664902000000005,40.664902000000005,40.664902000000005,23.928282,206.0
2008-05-19,40.5676,40.664902000000005,40.519001,40.519001,23.842434,407.0
2008-05-20,40.664902000000005,40.664902000000005,40.48,40.664902000000005,23.928282,3756.0
2008-05-21,40.66490200000001,40.66490200000001,40.382801,40.382801,23.76228900000001,924.0
2008-05-22,40.4217,40.4217,40.373001,40.373001,23.756523,463.0
2008-05-23,40.4217,40.470299,40.373001,40.470299,23.813776,519.0
2008-05-26,40.519001,40.5676,40.470299,40.470299,23.813776,391.0
2008-05-27,40.470299,40.5676,40.373001,40.373001,23.756523,1955.0
2008-05-28,40.373001,40.66490200000001,40.1395,40.470299,23.813776,927.0
2008-05-29,40.509201000000004,40.66490200000001,40.2757,40.4217,23.785176999999997,1515.0
2008-05-30,40.577301,40.66490200000001,40.577301,40.66490200000001,23.928282,942.0
2008-06-02,40.810798999999996,40.810798999999996,40.684298999999996,40.810798999999996,24.014135,1215.0
2008-06-03,40.616199,41.054001,40.616199,41.054001,24.157242,3089.0
2008-06-04,40.956699,41.102699,40.762199,40.762199,23.985538000000002,2740.0
2008-06-05,40.859501,40.956699,40.762199,40.762199,23.985538000000002,1330.0
2008-06-06,40.7719,40.859501,40.762199,40.762199,23.985538000000002,3186.0
2008-06-09,40.859501,41.345901,40.625999,41.345901,24.329004,1943.0
2008-06-10,40.762199,40.859501,40.762199,40.859501,24.042789000000003,510.0
2008-06-11,40.9081,41.345901,40.9081,41.345901,24.329004,349.0
2008-06-12,40.9081,41.199902,40.9081,40.9081,24.071388,622.0
2008-06-13,40.9081,41.005402000000004,40.625999,40.956699,24.099985,2313.0
2008-06-16,41.005402000000004,41.2486,41.005402000000004,41.2486,24.271751000000002,552.0
2008-06-17,41.151299,41.151299,40.956699,40.956699,24.099985,206.0
2008-06-18,41.151299,41.151299,41.151299,41.151299,24.214495,57.0
2008-06-19,41.054001,41.054001,40.382801,40.382801,23.762289000000003,1545.0
2008-06-20,40.849701,40.859501,40.4217,40.4217,23.785176999999997,3284.0
2008-06-23,40.84,40.956699,40.577301,40.713501,23.956882,5427.0
2008-06-24,40.713501,40.713501,40.441101,40.441101,23.796595,252.0
2008-06-25,40.5676,40.859501,40.5676,40.762199,23.985538000000002,3300.0
2008-06-26,40.713501,40.713501,40.450901,40.450901,23.802362,1552.0
2008-06-27,40.713501,41.054001,40.519001,40.519001,23.842434,2147.0
2008-06-30,40.48,40.616199,40.470299,40.616199,23.899628,448.0
2008-07-01,38.427299,38.427299,38.427299,38.427299,24.069430999999998,1789.0
2008-07-02,38.913799,38.952702,38.427299,38.913799,24.374159,3808.0
2008-07-03,38.427299,38.476002,38.427299,38.476002,24.099939000000003,3309.0
2008-07-04,38.670601,38.670601,38.427299,38.660801,24.215691,2532.0
2008-07-07,38.427299,38.621899,38.427299,38.427299,24.069430999999998,1139.0
2008-07-08,38.427299,38.612202,38.427299,38.4468,24.081648,3626.0
2008-07-09,38.524601000000004,38.670601,38.476002,38.476002,24.099939000000003,745.0
2008-07-10,38.476002,38.476002,37.940899,38.3787,24.038998,5065.0
2008-07-11,38.3787,38.3787,37.940899,37.940899,23.764772,136.0
2008-07-14,38.0868,38.0868,37.503101,37.503101,23.490548999999998,1111.0
2008-07-15,37.503101,37.503101,37.454498,37.454498,23.460107999999998,470.0
2008-07-16,37.454498,37.454498,37.454498,37.454498,23.460107999999998,246.0
2008-07-17,37.7463,38.3787,37.649101,37.794998,23.673382,4037.0
2008-07-18,37.8923,37.8923,37.794998,37.794998,23.673382,105.0
2008-07-21,37.8923,38.0382,37.8923,38.0382,23.825716,89.0
2008-07-22,37.940899,38.184101,37.7463,38.184101,23.917105,583.0
2008-07-23,38.135502,38.184101,38.135502,38.184101,23.917105,547.0
2008-07-24,38.0868,38.0868,37.5518,37.5518,23.521055,1108.0
2008-07-25,37.5518,38.3787,37.5518,38.3787,24.038998,463.0
2008-07-28,38.3787,38.3787,37.454498,37.454498,23.460107999999998,2493.0
2008-07-29,38.368999,38.3787,37.658798,37.658798,23.588072,0.0
2008-07-30,38.3787,38.3787,38.3787,38.3787,24.038998,206.0
2008-07-31,38.330101,38.330101,38.281399,38.330101,24.008553,0.0
2008-08-01,38.3787,38.903999,38.330101,38.330101,24.008553,0.0
2008-08-04,38.913799,38.913799,38.427299,38.427299,24.069430999999998,0.0
2008-08-05,38.573299,38.573299,38.573299,38.573299,24.160879,561.0
2008-08-06,38.913799,39.108299,38.913799,39.108299,24.495987,0.0
2008-08-07,39.108299,39.4002,39.098597999999996,39.4002,24.678822,0.0
2008-08-08,39.4002,39.4002,39.254298999999996,39.254298999999996,24.587436999999998,0.0
2008-08-11,39.351501,39.4002,39.108299,39.108299,24.495987,0.0
2008-08-12,39.341801000000004,39.4002,39.341801000000004,39.351501,24.648319,0.0
2008-08-13,39.546101,39.5947,39.0597,39.0597,24.465544,0.0
2008-08-14,39.312599,39.4002,39.312599,39.4002,24.678822,0.0
2008-08-15,39.3904,39.3904,39.157001,39.157001,24.526495,0.0
2008-08-18,39.351501,39.351501,39.0597,39.0597,24.465544,329.0
2008-08-19,39.0597,39.0597,38.913799,38.913799,24.374159,869.0
2008-08-20,38.728901,38.728901,38.728901,38.728901,24.258345000000002,138.0
2008-08-21,38.728901,38.913799,38.7192,38.913799,24.374159,783.0
2008-08-22,38.913799,39.108299,38.913799,39.108299,24.495987,2024.0
2008-08-25,39.302898,39.302898,39.302898,39.302898,24.617878,31.0
2008-08-26,39.011101000000004,39.0597,38.913799,38.913799,24.374159,958.0
2008-08-27,38.767799,38.894299,38.621899,38.621899,24.191322,1691.0
2008-08-28,38.670601,38.670601,38.670601,38.670601,24.221829999999997,359.0
2008-08-29,38.670601,38.816502,38.524601000000004,38.524601000000004,24.130381,3815.0
2008-09-01,38.913799,38.913799,38.913799,38.913799,24.374159,41.0
2008-09-02,38.816502,38.913799,38.573299,38.573299,24.160879,421.0
2008-09-03,38.524601000000004,38.816502,38.476002,38.476002,24.09993900000001,690.0
2008-09-04,38.913799,38.913799,38.184101,38.184101,23.917105,1294.0
2008-09-05,38.407902,38.407902,38.2328,38.2328,23.947605,204.0
2008-09-08,38.427299,38.660801,37.902,38.0382,23.825716,1764.0
2008-09-09,38.524601000000004,38.621899,38.524601000000004,38.621899,24.191322,319.0
2008-09-10,38.524601000000004,38.524601000000004,38.135502,38.135502,23.886662,124.0
2008-09-11,38.2328,38.2328,37.853401,37.853401,23.709965,339.0
2008-09-12,38.2328,38.2328,37.843601,38.2328,23.947605,406.0
2008-09-15,37.940899,38.135502,37.843601,37.843601,23.703829000000002,802.0
2008-09-16,37.697701,37.7463,37.639301,37.697701,23.612442,776.0
2008-09-17,37.639301,37.7463,37.639301,37.697701,23.612442,1156.0
2008-09-18,37.697701,37.697701,37.503101,37.649101,23.581997,12028.0
2008-09-19,37.697701,37.7463,37.454498,37.649101,23.581997,6634.0
2008-09-22,37.649101,37.7463,37.454498,37.454498,23.460107999999998,1439.0
2008-09-23,37.785301000000004,37.785301000000004,37.366901,37.736599,23.636806,1331.0
2008-09-24,37.366901,37.5518,36.724899,36.724899,23.003110999999997,1932.0
2008-09-25,37.162601,37.162601,36.724899,36.724899,23.003110999999997,747.0
2008-09-26,36.724899,37.649101,36.287102000000004,37.065399,23.216389000000003,2556.0
2008-09-29,37.940899,37.940899,36.578899,36.968102,23.155447,14030.0
2008-09-30,37.065399,37.065399,35.654701,36.326,22.753258,2462.0
2008-10-01,36.374598999999996,36.374598999999996,35.5574,35.995201,22.546059,2782.0
2008-10-02,35.995201,36.141201,35.995201,36.141201,22.637508,278.0
2008-10-03,35.8979,35.8979,35.0224,35.411499,22.18045,1589.0
2008-10-06,35.119701,35.168301,35.070999,35.070999,21.967175,815.0
2008-10-07,35.168301,35.168301,35.032101000000004,35.032101000000004,21.94281,1014.0
2008-10-08,34.633301,34.633301,31.131001,31.9093,19.986798999999998,3476.0
2008-10-09,31.140698999999998,31.9093,30.362499,31.9093,19.986798999999998,2389.0
2008-10-10,30.158199,30.158199,27.239599,30.158199,18.889977,4635.0
2008-10-13,31.033701,33.076698,31.033701,32.298401,20.230518,18477.0
2008-10-14,32.201099,33.086399,32.201099,32.784801,20.535183,2370.0
2008-10-15,33.465801,33.465801,32.201099,32.784801,20.535183,3625.0
2008-10-16,32.784801,33.076698,32.347099,32.444401,20.321968,0.0
2008-10-17,33.465801,33.465801,30.6446,30.654301,19.200714,0.0
2008-10-20,30.654301,32.590302,30.654301,32.103901,20.108692,0.0
2008-10-21,32.590302,32.590302,31.8606,31.9676,20.023319,0.0
2008-10-22,31.8606,32.590302,31.238001,31.2964,19.602901,0.0
2008-10-23,31.714701,32.103901,31.286699,31.481199,19.718653,0.0
2008-10-24,31.617399,31.617399,31.2672,31.2672,19.584614000000002,837.0
2008-10-27,31.2283,31.617399,30.158199,30.6446,19.194639000000002,2291.0
2008-10-28,30.6446,30.6446,30.177601,30.352698999999998,19.011805,1396.0
2008-10-29,30.6446,31.870399,30.6446,31.1213,19.493226999999997,1766.0
2008-10-30,31.131001,32.006599,30.6446,30.6446,19.194639000000002,4623.0
2008-10-31,30.790501000000003,31.5201,30.790501000000003,31.5201,19.743019,164.0
2008-11-03,31.889799,32.103901,31.617399,32.045502,20.072113,1760.0
2008-11-04,31.617399,32.784801,30.4111,32.784801,20.535183,2272.0
2008-11-05,32.784801,32.784801,32.103901,32.590302,20.413355,777.0
2008-11-06,31.617399,32.872398,31.617399,32.872398,20.590052,536.0
2008-11-07,32.599998,32.599998,32.347099,32.347099,20.261023,499.0
2008-11-10,32.347099,34.0495,32.347099,34.0495,21.327341,2175.0
2008-11-11,33.475601,33.855,33.465801,33.855,21.205513,648.0
2008-11-12,33.465801,33.806301,33.465801,33.806301,21.175013,713.0
2008-11-13,33.855,33.855,33.417198,33.855,21.205513,509.0
2008-11-14,33.6604,33.6604,33.417198,33.563099,21.022679999999998,299.0
2008-11-17,33.417198,34.0495,33.417198,34.0495,21.327341,2073.0
2008-11-18,34.0495,34.244099,33.388000000000005,33.388000000000005,20.913004,432.0
2008-11-19,33.076698,33.319901,33.076698,33.076698,20.718014,986.0
2008-11-20,32.103901,32.609699,32.103901,32.609699,20.425503,1048.0
2008-11-21,32.201099,32.687599,32.103901,32.347099,20.261023,1195.0
2008-11-24,32.415199,33.076698,32.415199,32.590302,20.413355,2107.0
2008-11-25,33.563099,33.563099,33.076698,33.076698,20.718014,308.0
2008-11-26,33.271301,33.271301,33.076698,33.076698,20.718014,1667.0
2008-11-27,33.076698,33.076698,32.9016,33.076698,20.718014,5752.0
2008-11-28,33.0961,33.271301,33.0961,33.271301,20.839907,433.0
2008-12-01,33.271301,34.039799,33.271301,33.563099,21.022679999999998,9180.0
2008-12-02,33.563099,33.563099,33.563099,33.563099,21.022679999999998,468.0
2008-12-03,33.5826,33.855,33.290699,33.319901,20.870348,1856.0
2008-12-04,34.039799,34.0495,33.5826,34.0495,21.327341,1215.0
2008-12-05,33.5826,34.0495,33.3685,33.855,21.205513,1146.0
2008-12-08,34.244099,35.0224,34.244099,35.0224,21.936729,1799.0
2008-12-09,35.0224,35.0224,34.244099,35.0224,21.936729,416.0
2008-12-10,35.0224,35.4991,35.0224,35.0224,21.936729,200.0
2008-12-11,35.4991,35.4991,35.168301,35.168301,22.028118,147.0
2008-12-12,35.119701,35.119701,34.6819,34.6819,21.723454,709.0
2008-12-15,35.2169,35.2169,34.6819,34.6819,21.723454,349.0
2008-12-16,35.0224,35.0224,34.6819,34.6819,21.723454,702.0
2008-12-17,34.6819,34.6819,34.458099,34.458099,21.583275,1599.0
2008-12-18,34.0495,34.380299,33.6604,34.380299,21.534542000000002,329.0
2008-12-19,34.380299,34.380299,33.319901,33.319901,20.870348,958.0
2008-12-22,33.319901,34.039799,33.319901,34.039799,21.321266,675.0
2008-12-23,33.563099,33.563099,33.319901,33.563099,21.022679999999998,759.0
2008-12-24,34.0495,34.0495,33.563099,33.563099,21.022679999999998,206.0
2008-12-29,33.563099,33.962002000000005,33.3685,33.3685,20.900791,1348.0
2008-12-30,33.3685,33.563099,33.3685,33.3783,20.906927,596.0
2008-12-31,33.388000000000005,33.388000000000005,33.388000000000005,33.388000000000005,20.913004,514.0
2009-01-02,33.388000000000005,33.563099,33.388000000000005,33.563099,21.022679999999998,1.0
2009-01-05,33.563099,33.757702,33.563099,33.757702,21.144569,1177.0
2009-01-06,33.757702,33.757702,32.882099,32.891899,20.602266,1536.0
2009-01-07,32.882099,33.563099,32.882099,33.563099,21.022679999999998,627.0
2009-01-08,33.757702,33.855,33.563099,33.563099,21.022679999999998,555.0
2009-01-09,33.621497999999995,34.0009,32.784801,34.0009,21.296904,987.0
2009-01-12,33.5145,33.5145,33.3783,33.465801,20.961737,1336.0
2009-01-13,33.465801,34.0495,33.076698,34.0495,21.327341,1931.0
2009-01-14,34.535999,34.535999,33.203201,33.9814,21.284686999999998,1485.0
2009-01-15,34.292801000000004,34.535999,34.0495,34.0495,21.327341,452.0
2009-01-16,35.012699,35.0224,34.146801,34.146801,21.388288,481.0
2009-01-19,34.146801,34.438702,33.563099,33.563099,21.022679999999998,845.0
2009-01-20,33.952301,33.952301,33.563099,33.952301,21.266459,625.0
2009-01-21,33.952301,34.0495,33.952301,34.0495,21.327341,550.0
2009-01-22,34.0495,34.0495,34.0495,34.0495,21.327341,154.0
2009-01-23,34.0495,34.827801,34.0495,34.827801,21.81484,337.0
2009-01-26,34.827801,34.827801,34.0495,34.195499,21.418791,200.0
2009-01-27,34.535999,34.535999,34.146801,34.146801,21.388288,769.0
2009-01-28,34.146801,34.292801000000004,33.3685,34.039799,21.321266,3383.0
2009-01-29,33.991199,33.991199,33.3783,33.3783,20.906927,805.0
2009-01-30,34.039799,34.039799,33.417198,33.417198,20.93129,342.0
2009-02-02,34.039799,34.0495,34.0009,34.0009,21.296904,1588.0
2009-02-03,33.757702,33.757702,33.563099,33.709,21.114065,550.0
2009-02-04,33.5826,33.5826,33.563099,33.563099,21.022679999999998,87.0
2009-02-05,33.6604,33.6604,33.3685,33.3685,20.900791,956.0
2009-02-06,33.563099,33.903599,33.563099,33.903599,21.235954,617.0
2009-02-09,34.195499,34.380299,33.962002000000005,34.039799,21.321266,1785.0
2009-02-10,34.039799,34.039799,33.563099,34.039799,21.321266,1310.0
2009-02-11,33.679901,34.0495,33.5728,33.5728,21.028753,662.0
2009-02-12,33.611801,33.611801,33.611801,33.611801,21.053185,46.0
2009-02-13,34.0495,34.146801,34.0495,34.0495,21.327341,803.0
2009-02-16,34.389998999999996,34.389998999999996,34.0495,34.0495,21.327341,699.0
2009-02-17,34.195499,34.389998999999996,34.0495,34.0495,21.327341,570.0
2009-02-18,34.0495,34.0495,33.3783,33.3783,20.906927,2647.0
2009-02-19,33.563099,33.757702,33.563099,33.757702,21.144569,369.0
2009-02-20,34.0495,34.0495,34.020401,34.0495,21.327341,438.0
2009-02-23,33.757702,33.757702,33.709,33.709,21.114065,299.0
2009-02-24,33.563099,33.563099,33.319901,33.319901,20.870348,931.0
2009-02-25,33.806301,33.806301,33.806301,33.806301,21.175013,344.0
2009-02-26,33.952301,34.0495,33.952301,33.952301,21.266459,637.0
2009-02-27,34.0495,34.107898999999996,33.952301,33.952301,21.266459,1842.0
2009-03-02,33.6604,33.6604,33.319901,33.417198,20.93129,1774.0
2009-03-03,33.319901,33.319901,31.2283,32.094101,20.102554,3240.0
2009-03-04,32.0844,32.103901,31.763399,31.763399,19.895414000000002,1020.0
2009-03-05,31.627198999999997,33.057201,31.4715,33.057201,20.705803,1717.0
2009-03-06,32.395699,32.395699,31.422898999999997,31.422898999999997,19.68214,1505.0
2009-03-09,31.3158,31.3158,30.1679,30.625099,19.182425,1720.0
2009-03-10,30.634899,30.722401,29.4091,30.5765,19.151985,3314.0
2009-03-11,30.6446,30.6446,30.450001,30.5473,19.133696,1061.0
2009-03-12,30.634899,30.6446,30.634899,30.634899,19.188562,1655.0
2009-03-13,30.5765,30.6446,30.5765,30.6446,19.194639000000002,1428.0
2009-03-16,30.6446,30.6446,30.2554,30.6446,19.194639000000002,1249.0
2009-03-17,30.6446,30.741899,30.6446,30.741899,19.255587,1439.0
2009-03-18,30.6446,30.693199,30.5084,30.6446,19.194639000000002,2307.0
2009-03-19,30.6446,30.6446,30.158199,30.158199,18.889977,1231.0
2009-03-20,30.2068,30.6446,30.158199,30.158199,18.889977,1675.0
2009-03-23,30.6446,30.6446,29.866301,29.866301,18.707142,2524.0
2009-03-24,29.9149,29.9149,29.6717,29.6717,18.585248999999997,1353.0
2009-03-25,29.817698999999998,29.9149,29.817698999999998,29.9149,18.737582999999997,206.0
2009-03-26,29.9149,29.9149,29.6717,29.6717,18.585248999999997,1228.0
2009-03-27,29.9149,29.9149,29.6717,29.9149,18.737582999999997,974.0
2009-03-30,30.158199,30.158199,29.185301000000003,29.185301000000003,18.280588,4063.0
2009-03-31,29.185301000000003,29.2826,29.185301000000003,29.2826,18.341537,1747.0
2009-04-01,29.3799,29.428499,28.893499,29.1367,18.250147,2960.0
2009-04-02,29.18530100000001,29.18530100000001,28.844801,29.1367,18.250147,3068.0
2009-04-03,29.6036,30.109501,29.6036,30.109501,18.859472,1321.0
2009-04-06,30.109501,30.158199,29.195,30.1387,18.877764000000006,3896.0
2009-04-07,30.1387,30.1387,29.233999,29.428499,18.432919000000002,2210.0
2009-04-08,30.0609,30.0609,30.0609,30.0609,18.829031,514.0
2009-04-09,30.158199,30.498699,29.9149,30.488899,19.097115,1191.0
2009-04-14,30.488899,30.693199,30.158199,30.693199,19.22508,2362.0
2009-04-15,30.5473,31.3256,30.5473,31.3256,19.621192999999998,1474.0
2009-04-16,32.103901,32.395699,31.7244,31.7244,19.870987,1018.0
2009-04-17,32.298401,32.395699,32.298401,32.395699,20.291462,362.0
2009-04-20,32.590302,33.349098,32.590302,33.076698,20.718014,804.0
2009-04-21,32.784801,32.784801,32.590302,32.784801,20.535183,488.0
2009-04-22,32.590302,33.3004,32.590302,33.076698,20.718014,377.0
2009-04-23,32.979401,33.388000000000005,32.638901000000004,33.261501,20.833769,921.0
2009-04-24,32.979401,33.407501,32.979401,33.407501,20.92522,385.0
2009-04-27,33.076698,33.417198,33.076698,33.261501,20.833769,319.0
2009-04-28,33.067001,33.067001,32.882099,32.882099,20.596127,240.0
2009-04-29,32.882099,33.417198,32.882099,33.417198,20.93129,1050.0
2009-04-30,33.417198,33.417198,33.028,33.028,20.687513,3408.0
2009-05-04,33.028,34.730499,33.028,34.730499,21.753895,1287.0
2009-05-05,34.535999,35.012699,34.535999,35.012699,21.930654999999998,838.0
2009-05-06,35.119701,35.119701,35.0224,35.0224,21.936729,1252.0
2009-05-07,35.314201000000004,35.995201,35.314201000000004,35.8979,22.485109,2159.0
2009-05-08,35.5672,35.995201,35.5672,35.7034,22.363281,1458.0
2009-05-11,36.8708,36.8708,35.995201,35.995201,22.546059,1704.0
2009-05-12,36.092499,36.8708,36.0439,36.676201,22.972609,2481.0
2009-05-13,36.676201,36.861098999999996,36.141201,36.2384,22.698387,1358.0
2009-05-14,36.2384,36.6665,36.2384,36.481701,22.85078,668.0
2009-05-15,36.481701,36.968102,36.432999,36.968102,23.155447,1409.0
2009-05-18,37.065399,37.065399,36.578899,36.8708,23.094498,1182.0
2009-05-19,36.968102,37.065399,36.588699,36.8708,23.094498,1859.0
2009-05-20,36.968102,37.2113,36.724899,36.968102,23.155447,1768.0
2009-05-21,36.773499,36.783198999999996,36.627602,36.627602,22.942171,381.0
2009-05-22,36.968102,37.8339,36.968102,37.8242,23.691675,1182.0
2009-05-25,37.794998,37.843601,36.968102,37.843601,23.703829000000002,2137.0
2009-05-26,37.843601,37.843601,37.843601,37.843601,23.703829000000002,732.0
2009-05-27,37.2696,37.8144,37.2696,37.8144,23.685537,673.0
2009-05-28,37.853401,37.853401,37.357201,37.853401,23.709965,741.0
2009-05-29,37.853401,37.8825,37.2794,37.2794,23.350431,1810.0
2009-06-01,37.8825,38.689999,37.658798,37.989601,23.795277,1496.0
2009-06-02,38.670601,39.448799,38.427299,38.816502,24.313215,2414.0
2009-06-03,38.816502,39.302898,38.797001,38.913799,24.374159,2048.0
2009-06-04,38.913799,39.147202,38.573299,38.894299,24.361944,1851.0
2009-06-05,38.816502,38.874901,38.437098999999996,38.437098999999996,24.075571,1974.0
2009-06-08,38.524601000000004,38.767799,37.940899,38.135502,23.886662,3909.0
2009-06-09,38.3787,38.476002,37.999297999999996,37.999297999999996,23.80135,622.0
2009-06-10,38.0868,38.330101,38.0868,38.0868,23.856157,813.0
2009-06-11,38.1549,38.427299,37.999297999999996,38.184101,23.917105,1752.0
2009-06-12,38.427299,38.670601,38.184101,38.670601,24.221829999999997,11659.0
2009-06-15,38.670601,38.670601,38.0868,38.0868,23.856157,836.0
2009-06-16,37.989601,38.670601,37.989601,38.330101,24.008553,1729.0
2009-06-17,38.330101,38.3787,38.213299,38.3787,24.038998,447.0
2009-06-18,38.330101,38.330101,38.184101,38.184101,23.917105,477.0
2009-06-19,38.427299,38.427299,37.940899,37.940899,23.764772,1815.0
2009-06-22,38.0382,38.0382,37.7463,38.0285,23.819641,1074.0
2009-06-23,38.0382,38.0382,37.697701,37.697701,23.612442,427.0
2009-06-24,37.940899,38.0382,37.688,37.989601,23.795277,1300.0
2009-06-25,37.9506,37.9506,37.697701,37.697701,23.612442,354.0
2009-06-26,37.8923,37.8923,37.717201,37.717201,23.624653,314.0
2009-06-29,37.726898,38.427299,37.726898,38.427299,24.069430999999998,2314.0
2009-06-30,38.524601000000004,38.670601,37.940899,37.940899,23.764772,3085.0
2009-07-01,37.979801,38.913799,37.979801,38.621899,24.191322,2013.0
2009-07-02,37.454498,37.454498,34.983501000000004,34.983501000000004,23.454898999999997,1312.0
2009-07-03,35.995201,35.995201,35.7034,35.995201,24.133198,118.0
2009-07-06,35.995201,36.384399,35.8493,36.1898,24.263664000000002,1057.0
2009-07-07,35.995201,36.287102000000004,35.508801,35.508801,23.807085,1665.0
2009-07-08,35.606097999999996,35.606097999999996,35.119701,35.119701,23.546211,924.0
2009-07-09,34.5457,34.5457,34.535999,34.5457,23.161373,950.0
2009-07-10,34.827801,35.790901,34.827801,35.187801,23.591873,815.0
2009-07-13,35.7034,35.7034,35.265598,35.431,23.754927,499.0
2009-07-14,35.31420100000001,35.790901,35.31420100000001,35.508801,23.807085,623.0
2009-07-15,35.7034,35.7034,35.7034,35.7034,23.937555,29.0
2009-07-16,35.7034,35.800701000000004,35.265598,35.265598,23.644032,2198.0
2009-07-17,35.742298,35.995201,35.275299,35.7034,23.937555,0.0
2009-07-20,35.7034,36.1898,35.7034,36.1898,24.263664000000002,0.0
2009-07-21,35.8979,35.995201,35.8979,35.995201,24.133198,0.0
2009-07-22,35.8979,36.1898,35.508801,35.508801,23.807085,0.0
2009-07-23,35.4893,35.4893,35.265598,35.265598,23.644032,0.0
2009-07-24,35.4893,35.508801,35.285,35.508801,23.807085,0.0
2009-07-27,35.7034,35.7034,35.508801,35.508801,23.807085,0.0
2009-07-28,35.518501,35.946602,35.508801,35.946602,24.100614999999998,0.0
2009-07-29,35.8493,35.9855,35.508801,35.508801,23.807085,0.0
2009-07-30,36.355202,36.355202,35.654701,35.800701000000004,24.002792000000003,0.0
2009-07-31,35.9855,35.995201,35.9855,35.995201,24.133198,0.0
2009-08-03,36.335701,36.355202,36.063301,36.355202,24.374559,0.0
2009-08-04,36.287102000000004,36.287102000000004,36.1898,36.1898,24.263664000000002,0.0
2009-08-05,36.335701,36.335701,36.141201,36.141201,24.231082999999998,0.0
2009-08-06,36.1898,36.384399,36.063301,36.384399,24.394138,0.0
2009-08-07,36.141201,36.481701,36.141201,36.432999,24.42672300000001,0.0
2009-08-10,36.724899,36.8708,36.432999,36.432999,24.426723000000003,0.0
2009-08-11,36.724899,37.065399,36.724899,37.065399,24.850718,0.0
2009-08-12,36.773499,36.792999,36.384399,36.384399,24.394138,0.0
2009-08-13,36.384399,36.8708,36.1898,36.1898,24.263664000000002,0.0
2009-08-14,36.2384,36.355202,35.995201,35.995201,24.133198,0.0
2009-08-17,35.995201,35.995201,35.751999,35.751999,23.97014,978.0
2009-08-18,35.936901,35.936901,35.606097999999996,35.606097999999996,23.872324,0.0
2009-08-19,35.995201,36.374598999999996,35.518501,35.751999,23.97014,0.0
2009-08-20,35.9855,35.995201,35.9855,35.995201,24.133198,0.0
2009-08-21,35.946602,35.946602,35.508801,35.508801,23.807085,0.0
2009-08-24,35.518501,35.800701000000004,35.518501,35.800701000000004,24.002792000000003,0.0
2009-08-25,35.654701,36.287102000000004,35.606097999999996,36.287102000000004,24.328907,0.0
2009-08-26,35.995201,37.454498,35.995201,36.520599,24.485454999999998,0.0
2009-08-27,36.8708,36.8708,36.578899,36.8708,24.720243,0.0
2009-08-28,36.724899,36.958302,36.578899,36.958302,24.778913,0.0
2009-08-31,36.958302,36.968102,35.615798999999996,36.968102,24.785484,0.0
2009-09-01,36.968102,36.968102,36.481701,36.627602,24.557195999999998,0.0
2009-09-02,36.199501,37.162601,36.199501,36.345501,24.368055,0.0
2009-09-03,36.481701,37.940899,36.481701,36.676201,24.589779,0.0
2009-09-04,37.259899,37.8339,36.968102,36.968102,24.785484,0.0
2009-09-07,37.5518,37.940899,37.0751,37.162601,24.915885999999997,0.0
2009-09-08,37.6101,37.6101,37.162601,37.532299,25.163755,0.0
2009-09-09,37.084801,37.454498,37.084801,37.357201,25.04636,0.0
2009-09-10,37.084801,37.940899,37.084801,37.940899,25.437698,0.0
2009-09-11,37.940899,37.940899,37.454498,37.940899,25.437698,0.0
2009-09-14,37.7463,37.940899,37.162601,37.454498,25.111593,0.0
2009-09-15,37.3475,37.940899,37.259899,37.259899,24.981117,0.0
2009-09-16,37.940899,37.940899,37.561501,37.940899,25.437698,0.0
2009-09-17,38.0382,38.427299,38.0382,38.1744,25.594254,0.0
2009-09-18,38.135502,38.427299,37.5518,37.5518,25.176826000000002,0.0
2009-09-21,37.600398999999996,37.843601,37.600398999999996,37.697701,25.274649,0.0
2009-09-22,37.940899,37.940899,37.940899,37.940899,25.437698,678.0
2009-09-23,37.940899,37.940899,37.4058,37.931197999999995,25.431198000000002,0.0
2009-09-24,37.843601,37.843601,37.503101,37.503101,25.144176,0.0
2009-09-25,37.250198,37.259899,37.240501,37.240501,24.968115,0.0
2009-09-28,37.230701,37.736599,36.8708,36.997299,24.805058,0.0
2009-09-29,37.152901,37.775501,37.152901,37.4058,25.078939000000002,0.0
2009-09-30,37.308601,38.427299,37.308601,37.940899,25.437698,0.0
2009-10-01,37.940899,38.427299,37.940899,38.427299,25.763810999999997,0.0
2009-10-02,38.0868,38.135502,38.0868,38.0966,25.542091,0.0
2009-10-05,38.1647,38.8554,38.0966,38.0966,25.542091,0.0
2009-10-06,38.427299,38.427299,38.184101,38.2328,25.63341,0.0
2009-10-07,38.2911,38.7192,38.2911,38.427299,25.763810999999997,0.0
2009-10-08,38.7192,38.7192,38.7192,38.7192,25.959517,287.0
2009-10-09,38.728901,38.865101,38.524601000000004,38.8554,26.050835,0.0
2009-10-12,38.621899,38.894299,38.621899,38.621899,25.894281,0.0
2009-10-13,38.894299,38.913799,38.621899,38.68030200000001,25.933441000000002,0.0
2009-10-14,38.573299,38.913799,38.573299,38.816502,26.024759,0.0
2009-10-15,38.621899,38.903999,38.592701,38.68030200000001,25.933441000000002,0.0
2009-10-16,38.816502,39.857399,38.816502,39.069401,26.194313,0.0
2009-10-19,39.769901000000004,39.769901000000004,39.157001,39.341801000000004,26.376942,0.0
2009-10-20,39.6045,39.847698,39.4002,39.847698,26.716125,0.0
2009-10-21,39.4002,39.4002,39.264,39.302898,26.350861,0.0
2009-10-22,39.254298999999996,39.302898,38.913799,38.913799,26.089987,0.0
2009-10-23,,,,,,
2009-10-26,39.4002,39.6726,39.4002,39.419601,26.429106,0.0
2009-10-27,39.497501,39.5947,38.7192,38.7192,25.959517,0.0
2009-10-28,38.728901,38.758099,38.0382,38.047901,25.509443,0.0
2009-10-29,38.2328,38.913799,37.940899,38.281399,25.665991,0.0
2009-10-30,38.427299,38.573299,38.057701,38.057701,25.516014000000002,0.0
2009-11-02,38.476002,38.476002,38.057701,38.057701,25.516014000000002,0.0
2009-11-03,38.135502,38.476002,37.940899,37.940899,25.437698,0.0
2009-11-04,37.940899,37.940899,37.600398999999996,37.600398999999996,25.209410000000002,0.0
2009-11-05,37.843601,37.843601,37.600398999999996,37.843601,25.372467,0.0
2009-11-06,37.843601,38.135502,37.843601,37.940899,25.437698,0.0
2009-11-09,38.524601000000004,38.573299,37.940899,37.940899,25.437698,0.0
2009-11-10,37.853401,38.621899,37.5518,37.5518,25.176826000000002,0.0
2009-11-11,37.561501,38.4468,37.5518,38.4468,25.776885999999998,0.0
2009-11-12,38.427299,39.341801000000004,37.999297999999996,38.184101,25.600756,0.0
2009-11-13,38.281399,39.380699,38.281399,38.2911,25.672495,0.0
2009-11-16,39.098597999999996,39.098597999999996,38.184101,38.184101,25.600756,0.0
2009-11-17,38.0382,38.427299,37.9506,38.135502,25.568176,0.0
2009-11-18,38.427299,38.427299,37.940899,38.320301,25.692073999999998,0.0
2009-11-19,38.330101,38.330101,38.2328,38.330101,25.698643,0.0
2009-11-20,38.2328,38.2328,37.7463,37.7463,25.30723,0.0
2009-11-23,37.697701,37.940899,37.697701,37.940899,25.437698,0.0
2009-11-24,38.213299,38.213299,37.5518,37.5518,25.176826000000002,0.0
2009-11-25,37.581001,38.213299,37.581001,38.213299,25.620337,0.0
2009-11-26,37.940899,38.203602000000004,37.794998,38.116001000000004,25.555098,0.0
2009-11-27,38.125801,38.125801,37.794998,37.794998,25.339882,0.0
2009-11-30,37.8923,38.213299,37.7463,37.940899,25.437698,0.0
2009-12-01,38.184101,38.184101,37.717201,37.940899,25.437698,0.0
2009-12-02,37.717201,38.135502,37.717201,37.726898,25.294222,0.0
2009-12-03,37.940899,38.203602000000004,37.717201,37.940899,25.437698,0.0
2009-12-04,37.940899,38.0382,37.794998,37.989601,25.470356,0.0
2009-12-07,37.989601,38.427299,37.989601,38.135502,25.568176,0.0
2009-12-08,38.135502,39.4002,38.135502,38.3787,25.731226,2146.0
2009-12-09,38.1744,39.234798,37.940899,39.234798,26.305206,1868.0
2009-12-10,38.913799,39.4002,38.330101,39.4002,26.416097999999998,5867.0
2009-12-11,39.4002,39.682301,39.1278,39.682301,26.60523,2445.0
2009-12-14,39.692001,39.692001,39.4002,39.4002,26.416097999999998,2292.0
2009-12-15,39.692001,39.692001,38.339802,38.339802,25.705149,1070.0
2009-12-16,39.302898,39.497501,39.108299,39.497501,26.481333000000003,670.0
2009-12-17,39.4002,39.847698,39.4002,39.847698,26.716125,1644.0
2009-12-18,39.847698,39.847698,39.5947,39.5947,26.546501,484.0
2009-12-21,39.692001,39.692001,38.7192,39.692001,26.61174,4342.0
2009-12-22,39.4002,39.4002,39.4002,39.4002,26.416097999999998,517.0
2009-12-23,39.4002,39.497501,39.4002,39.497501,26.48133300000001,751.0
2009-12-24,39.108299,39.4002,39.108299,39.4002,26.416097999999998,238.0
2009-12-28,39.497501,39.896301,39.351501,39.838001,26.709625,3796.0
2009-12-29,39.692001,39.692001,39.692001,39.692001,26.61174,130.0
2009-12-30,39.8866,39.896301,39.8866,39.896301,26.748713000000002,134.0
2009-12-31,39.896301,40.859501,39.896301,40.849701,27.387928000000002,566.0
2010-01-04,40.869202,40.869202,40.849701,40.859501,27.394496999999998,886.0
2010-01-05,40.849701,41.345901,40.849701,40.849701,27.387928000000002,1459.0
2010-01-06,40.849701,41.151299,40.519001,40.859501,27.394496999999998,1276.0
2010-01-07,41.151299,41.151299,40.382801,40.713501,27.296609999999998,1204.0
2010-01-08,39.896301,40.2757,39.448799,39.448799,26.448681,3408.0
2010-01-11,39.779598,39.8866,39.487701,39.487701,26.474766,1864.0
2010-01-12,39.643398,40.3633,39.497501,39.8866,26.742214,3646.0
2010-01-13,39.546101,40.373001,39.546101,40.373001,27.068315999999996,978.0
2010-01-14,40.032501,40.178501000000004,40.032501,40.178501000000004,26.93791400000001,952.0
2010-01-15,39.8866,40.84,39.8866,40.84,27.381420000000002,1556.0
2010-01-18,40.616199,40.956699,40.178501000000004,40.859501,27.394496999999998,2752.0
2010-01-19,40.849701,41.151299,40.5676,40.820499,27.368351,2420.0
2010-01-20,41.336102000000004,41.336102000000004,40.956699,40.956699,27.459663,503.0
2010-01-21,40.9081,41.345901,40.9081,41.345901,27.720603999999998,3330.0
2010-01-22,40.859501,41.2486,40.859501,41.054001,27.524898999999998,2771.0
2010-01-25,41.102699,42.017101000000004,41.102699,42.017101000000004,28.170616,1089.0
2010-01-26,41.345901,42.026901,41.345901,41.832298,28.046713,12048.0
2010-01-27,41.841999,42.698101,41.832298,41.832298,28.046713,934.0
2010-01-28,42.698101,42.698101,41.5891,41.5891,27.883661,4243.0
2010-01-29,41.345901,41.832298,41.151299,41.832298,28.046713,3398.0
2010-02-01,42.513302,42.513302,41.832298,42.513302,28.5033,874.0
2010-02-02,41.832298,42.308997999999995,41.102699,41.832298,28.046713,2839.0
2010-02-03,42.318699,42.318699,41.491797999999996,41.501499,27.824928000000003,1696.0
2010-02-04,42.707901,42.707901,40.917801000000004,40.917801000000004,27.43358,3200.0
2010-02-05,41.491797999999996,41.491797999999996,40.859501,40.859501,27.394496999999998,1943.0
2010-02-08,40.625999,41.345901,40.625999,41.005402000000004,27.492315,2240.0
2010-02-09,40.616199,40.859501,40.616199,40.616199,27.231372999999998,642.0
2010-02-10,40.616199,40.859501,40.616199,40.859501,27.394496999999998,678.0
2010-02-11,40.616199,40.859501,40.392502,40.470299,27.133553999999997,1737.0
2010-02-12,40.470299,40.810798999999996,40.470299,40.810798999999996,27.361843,209.0
2010-02-15,40.392502,40.392502,39.9352,40.2757,27.003084,1588.0
2010-02-16,40.2757,40.781601,39.8866,39.8866,26.742214,3422.0
2010-02-17,39.983897999999996,40.178501000000004,36.977798,37.4058,25.078939000000002,15991.0
2010-02-18,38.524601000000004,39.8866,38.0382,39.692001,26.61174,2226.0
2010-02-19,39.040199,39.584998999999996,37.9506,39.448799,26.448681,1778.0
2010-02-22,39.8769,39.8769,39.4002,39.4002,26.416097999999998,4904.0
2010-02-23,39.302898,39.487701,38.913799,39.448799,26.448681,13122.0
2010-02-24,39.205601,39.205601,38.913799,38.962399,26.122572,822.0
2010-02-25,39.108299,39.108299,38.728901,38.748402,25.979092,1104.0
2010-02-26,38.728901,38.728901,38.3787,38.3787,25.731226,7786.0
2010-03-01,38.903999,38.9916,38.874901,38.913799,26.089987,4007.0
2010-03-02,38.913799,39.011101000000004,38.865101,38.913799,26.089987,2738.0
2010-03-03,38.913799,39.011101000000004,38.7192,39.011101000000004,26.15522600000001,1383.0
2010-03-04,38.913799,38.913799,38.7192,38.913799,26.089987,1779.0
2010-03-05,38.903999,39.001301,38.738701,38.816502,26.024759,2711.0
2010-03-08,39.4002,39.847698,39.157001,39.5947,26.546501,670.0
2010-03-09,39.4002,40.334099,39.4002,40.0812,26.872681,905.0
2010-03-10,40.129799,40.655201,39.983897999999996,40.178501000000004,26.937914000000003,1836.0
2010-03-11,40.178501000000004,40.859501,40.178501000000004,40.742699,27.316183000000002,1360.0
2010-03-12,40.752399,40.859501,40.0812,40.0909,26.879184999999996,1907.0
2010-03-15,40.966499,41.151299,40.762199,40.859501,27.394496999999998,357.0
2010-03-16,40.859501,40.859501,40.859501,40.859501,27.394496999999998,21.0
2010-03-17,40.859501,41.151299,40.859501,41.151299,27.590132,610.0
2010-03-18,41.151299,41.151299,40.820499,40.820499,27.368351,964.0
2010-03-19,41.151299,41.326401000000004,40.810798999999996,40.810798999999996,27.361843,1310.0
2010-03-22,40.859501,41.5112,40.382801,41.5112,27.831429999999997,2945.0
2010-03-23,41.151299,41.9296,41.054001,41.063801,27.531471000000003,1084.0
2010-03-24,41.9198,41.9296,41.102699,41.9296,28.11195,2500.0
2010-03-25,42.308997999999995,42.308997999999995,41.063801,41.063801,27.531471000000003,518.0
2010-03-26,41.063801,41.540401,40.84,40.859501,27.394496999999998,3234.0
2010-03-29,40.859501,41.540401,40.849701,41.540401,27.851009,411.0
2010-03-30,41.297199,41.433399,40.869202,41.433399,27.779265999999996,1157.0
2010-03-31,41.423698,41.540401,41.005402000000004,41.005402000000004,27.492315,5036.0
2010-04-01,41.005402000000004,41.540401,41.005402000000004,41.297199,27.68795,908.0
2010-04-06,41.822601,42.1241,41.491797999999996,42.1241,28.242352,414.0
2010-04-07,42.026901,42.299301,41.170799,41.170799,27.603207,13257.0
2010-04-08,41.5891,41.832298,41.5891,41.598801,27.890165000000003,555.0
2010-04-09,42.299301,42.318699,41.608501000000004,42.318699,28.372826,2987.0
2010-04-12,42.522999,42.522999,41.9879,41.9879,28.151037,198.0
2010-04-13,42.367401,42.367401,42.026901,42.026901,28.177184999999998,386.0
2010-04-14,42.318699,42.513302,41.5891,41.5891,27.883661,5891.0
2010-04-15,42.026901,42.026901,41.618301,41.832298,28.046713,2765.0
2010-04-16,42.026901,42.026901,40.859501,40.859501,27.394496999999998,2893.0
2010-04-19,41.666901,41.666901,40.859501,40.859501,27.394496999999998,758.0
2010-04-20,40.859501,41.540401,40.859501,41.540401,27.851009,1280.0
2010-04-21,41.2486,42.231201,41.2486,41.832298,28.046713,1300.0
2010-04-22,42.2117,42.2117,41.5891,41.5891,27.883661,435.0
2010-04-23,41.832298,41.832298,40.859501,41.676601,27.942326,1742.0
2010-04-26,41.832298,42.289501,41.832298,42.289501,28.353246999999996,2344.0
2010-04-27,42.289501,42.308997999999995,41.9296,42.308997999999995,28.366322999999998,563.0
2010-04-28,42.308997999999995,42.308997999999995,41.6474,41.6474,27.92274500000001,1716.0
2010-04-29,41.6474,42.318699,41.6474,42.2701,28.340242,1388.0
2010-04-30,42.172798,42.172798,41.735001000000004,41.735001000000004,27.981482,288.0
2010-05-03,41.744701,41.978199,41.345901,41.871201,28.072792,2917.0
2010-05-04,41.880901,41.880901,41.491797999999996,41.491797999999996,27.818421999999998,560.0
2010-05-05,41.696098,41.735001000000004,41.491797999999996,41.491797999999996,27.818421999999998,1361.0
2010-05-06,41.345901,41.7253,41.345901,41.345901,27.720603999999998,1100.0
2010-05-07,40.937302,41.102699,40.373001,40.4217,27.100969,2291.0
2010-05-10,41.676601,41.676601,41.306999,41.521,27.837999,1563.0
2010-05-11,41.491797999999996,41.676601,40.9081,41.540401,27.851009,3030.0
2010-05-12,41.443199,41.735001000000004,40.450901,40.450901,27.120546,2592.0
2010-05-13,40.48,41.433399,40.48,40.762199,27.329258000000003,610.0
2010-05-14,40.762199,40.762199,40.470299,40.470299,27.133553999999997,699.0
2010-05-17,40.450901,41.151299,40.441101,40.441101,27.113977000000002,4668.0
2010-05-18,41.054001,41.199902,40.713501,41.199902,27.622719,767.0
2010-05-19,41.491797999999996,41.7253,40.859501,40.859501,27.394496999999998,560.0
2010-05-20,40.713501,41.345901,40.528702,40.859501,27.394496999999998,1248.0
2010-05-21,41.336102000000004,41.336102000000004,40.470299,40.48,27.140057000000002,2766.0
2010-05-24,40.956699,41.345901,40.956699,41.345901,27.720603999999998,663.0
2010-05-25,40.9081,40.9081,40.470299,40.470299,27.133553999999997,836.0
2010-05-26,41.2486,41.735001000000004,40.859501,41.7253,27.974976,1964.0
2010-05-27,41.5891,41.5891,41.199902,41.199902,27.622719,597.0
2010-05-28,41.297199,41.735001000000004,41.102699,41.735001000000004,27.981482,611.0
2010-05-31,41.345901,41.735001000000004,41.345901,41.540401,27.851009,924.0
2010-06-01,41.637699,41.735001000000004,41.345901,41.735001000000004,27.981482,1403.0
2010-06-02,41.462601,41.735001000000004,41.462601,41.735001000000004,27.981482,349.0
2010-06-03,41.735001000000004,41.735001000000004,41.637699,41.735001000000004,27.981482,874.0
2010-06-04,41.637699,41.735001000000004,41.637699,41.637699,27.916242999999998,514.0
2010-06-07,41.832298,41.832298,41.6474,41.6474,27.922745000000003,1264.0
2010-06-08,41.832298,42.172798,41.832298,42.172798,28.275003,0.0
2010-06-09,42.026901,42.318699,41.6474,42.1241,28.242352,0.0
2010-06-10,42.318699,42.805099,42.318699,42.805099,28.698936,0.0
2010-06-11,42.805099,42.951099,42.1436,42.951099,28.796823999999997,0.0
2010-06-14,42.805099,42.951099,42.571701000000004,42.639801,28.588109999999997,0.0
2010-06-15,42.805099,43.048401,42.513302,42.6106,28.568527000000003,0.0
2010-06-16,43.087299,43.087299,42.659199,42.659199,28.601115999999998,0.0
2010-06-17,42.630001,42.630001,42.630001,42.630001,28.581537,181.0
2010-06-18,42.639801,43.097,42.513302,42.513302,28.5033,0.0
2010-06-21,42.522999,43.272099,42.513302,42.7565,28.666348,0.0
2010-06-22,43.272099,43.583401,42.805099,43.583401,29.220751,0.0
2010-06-23,42.999699,44.206001,42.999699,43.7682,29.344654,0.0
2010-06-24,43.145599,43.953098,43.019199,43.019199,28.84248,0.0
2010-06-25,43.019199,43.8363,43.019199,43.067799,28.875059000000004,0.0
2010-06-28,43.778,43.778,43.388802,43.680698,29.28598400000001,0.0
2010-06-29,43.778,43.778,43.622299,43.680698,29.28598400000001,0.0
2010-06-30,43.671001000000004,43.671001000000004,43.291599,43.291599,29.025112,0.0
2010-07-01,41.832298,41.832298,40.470299,41.540401,29.645129999999998,0.0
2010-07-02,40.859501,42.805099,40.859501,42.6106,30.408866999999997,0.0
2010-07-05,42.318699,42.416,42.318699,42.416,30.269995,0.0
2010-07-06,42.416,42.416,41.501499,41.501499,29.617363,0.0
2010-07-07,41.7836,41.832298,41.540401,41.832298,29.853437,0.0
2010-07-08,41.832298,41.832298,41.102699,41.345901,29.506319,0.0
2010-07-09,41.676601,41.676601,39.8866,39.896301,28.471819,0.0
2010-07-12,40.752399,40.84,40.373001,40.84,29.145284999999998,0.0
2010-07-13,40.5676,41.2486,40.5676,40.859501,29.159203,0.0
2010-07-14,41.2486,41.2486,40.625999,40.66490200000001,29.020334000000002,0.0
2010-07-15,41.102699,41.822601,40.859501,41.822601,29.846518,0.0
2010-07-16,41.345901,41.803101,40.869202,41.7836,29.818684,0.0
2010-07-19,41.7836,41.822601,41.345901,41.822601,29.846518,0.0
2010-07-20,41.822601,41.822601,41.812801,41.822601,29.846518,0.0
2010-07-21,41.822601,41.822601,41.822601,41.822601,29.846518,32.0
2010-07-22,41.812801,41.832298,40.878899,41.355598,29.513240999999997,0.0
2010-07-23,41.812801,41.812801,41.102699,41.345901,29.506319,0.0
2010-07-26,41.832298,41.832298,41.2486,41.443199,29.575762,0.0
2010-07-27,41.812801,41.832298,41.443199,41.832298,29.853437,0.0
2010-07-28,41.686401000000004,41.832298,41.443199,41.540401,29.645129999999998,0.0
2010-07-29,41.803101,41.803101,41.540401,41.540401,29.645129999999998,0.0
2010-07-30,41.686401000000004,41.686401000000004,41.5891,41.5891,29.679878000000002,0.0
2010-08-02,41.5891,41.7836,41.540401,41.540401,29.645129999999998,0.0
2010-08-03,41.540401,41.540401,41.345901,41.540401,29.645129999999998,0.0
2010-08-04,41.686401000000004,41.686401000000004,41.345901,41.345901,29.506319,0.0
2010-08-05,41.345901,41.686401000000004,41.345901,41.686401000000004,29.749321000000002,0.0
2010-08-06,41.345901,41.686401000000004,41.345901,41.443199,29.575762,0.0
2010-08-09,41.637699,41.637699,41.345901,41.345901,29.506319,0.0
2010-08-10,41.735001000000004,41.735001000000004,41.355598,41.666901,29.735403,0.0
2010-08-11,41.735001000000004,41.735001000000004,41.102699,41.608501000000004,29.693724,0.0
2010-08-12,41.618301,41.618301,40.956699,41.345901,29.506319,0.0
2010-08-13,41.637699,41.637699,40.888599,40.956699,29.228572999999997,0.0
2010-08-16,41.637699,41.637699,40.9762,41.345901,29.506319,0.0
2010-08-17,41.637699,41.637699,41.102699,41.102699,29.332764,216.0
2010-08-18,41.627998,41.627998,41.083199,41.083199,29.318848,477.0
2010-08-19,41.637699,41.637699,41.092898999999996,41.092898999999996,29.325769,991.0
2010-08-20,41.637699,41.637699,41.083199,41.092898999999996,29.325769,633.0
2010-08-23,41.345901,41.637699,41.345901,41.637699,29.714565000000004,1161.0
2010-08-24,41.637699,41.637699,41.092898999999996,41.297199,29.471566999999997,0.0
2010-08-25,41.637699,41.637699,41.005402000000004,41.005402000000004,29.263327,0.0
2010-08-26,41.637699,41.637699,40.664902000000005,40.664902000000005,29.020334000000002,0.0
2010-08-27,41.336102000000004,41.336102000000004,40.674599,41.1805,29.388283,0.0
2010-08-30,41.345901,41.345901,40.859501,40.859501,29.159203,0.0
2010-08-31,41.102699,41.102699,40.859501,40.859501,29.159203,0.0
2010-09-01,40.48,40.810798999999996,40.382801,40.382801,28.81901,2686.0
2010-09-02,40.956699,40.956699,40.762199,40.762199,29.089765999999997,1057.0
2010-09-03,40.762199,40.859501,40.5676,40.810798999999996,29.124449,2237.0
2010-09-06,40.9081,40.956699,40.762199,40.956699,29.228572999999997,2014.0
2010-09-07,40.810798999999996,40.810798999999996,40.810798999999996,40.810798999999996,29.124449,211.0
2010-09-08,40.956699,41.054001,40.956699,41.054001,29.298006,220.0
2010-09-09,41.102699,41.803101,41.102699,41.637699,29.714565000000004,3947.0
2010-09-10,41.637699,42.805099,41.637699,42.746798999999996,30.506069,2348.0
2010-09-13,42.746798999999996,43.194302,42.367401,43.194302,30.825423999999998,5009.0
2010-09-14,42.902401,43.145599,42.561901,42.805099,30.54767,1133.0
2010-09-15,42.805099,42.805099,42.289501,42.805099,30.54767,2538.0
2010-09-16,42.805099,42.805099,42.299301,42.6106,30.408866999999997,283.0
2010-09-17,43.272099,43.281799,42.639801,43.272099,30.880945,1089.0
2010-09-20,42.805099,42.805099,42.3965,42.3965,30.256077,1456.0
2010-09-21,42.3284,42.902401,42.163101,42.416,30.269995,1266.0
2010-09-22,42.026901,43.087299,42.026901,42.3284,30.207479,1258.0
2010-09-23,42.367401,42.561901,42.367401,42.416,30.269995,708.0
2010-09-24,42.425701000000004,42.805099,42.386798999999996,42.386798999999996,30.249151,292.0
2010-09-27,43.223499,43.223499,42.367401,42.377102,30.242231,2691.0
2010-09-28,43.145599,43.291599,42.561901,42.990002000000004,30.679628000000005,569.0
2010-09-29,43.281799,43.281799,42.367401,42.999699,30.686552000000002,1723.0
2010-09-30,42.990002000000004,42.990002000000004,42.367401,42.805099,30.54767,814.0
2010-10-01,42.999699,42.999699,42.367401,42.707901,30.478306,810.0
2010-10-04,42.367401,43.291599,42.367401,43.291599,30.894863,627.0
2010-10-05,43.291599,43.291599,42.4646,42.902401,30.617113,346.0
2010-10-06,42.7565,42.902401,42.7565,42.902401,30.617113,1111.0
2010-10-07,43.194302,43.291599,42.902401,43.281799,30.887867,1469.0
2010-10-08,43.291599,43.3694,42.999699,43.3694,30.950384000000003,1707.0
2010-10-11,43.291599,43.388802,42.902401,42.902401,30.617113,2119.0
2010-10-12,43.379101,43.388802,43.097,43.145599,30.790668,620.0
2010-10-13,43.388802,43.388802,42.912201,43.388802,30.964230999999998,4056.0
2010-10-14,43.5737,43.583401,43.194302,43.194302,30.825423999999998,772.0
2010-10-15,43.4375,43.778,43.4375,43.778,31.241976,1812.0
2010-10-18,43.778,44.7411,43.388802,43.778,31.241976,1536.0
2010-10-19,43.778,44.507599,43.778,44.4006,31.686293,1416.0
2010-10-20,44.371399,44.3909,43.855801,44.313,31.623777,2096.0
2010-10-21,43.807201,43.875301,43.807201,43.875301,31.311420000000002,190.0
2010-10-22,43.884997999999996,44.410301000000004,43.884997999999996,44.2644,31.589098,987.0
2010-10-25,44.2644,44.750801,44.2644,44.750801,31.936214,433.0
2010-10-26,44.750801,44.9454,44.459,44.6535,31.866776,3338.0
2010-10-27,44.9454,44.993999,44.702202,44.760601,31.943209000000003,470.0
2010-10-28,44.760601,44.818901000000004,44.2644,44.488201000000004,31.74881,2115.0
2010-10-29,44.702202,44.702202,44.361698,44.371399,31.665453000000003,1666.0
2010-11-01,44.4687,44.507599,44.4687,44.507599,31.762653000000004,193.0
2010-11-02,44.507599,44.702202,44.371399,44.371399,31.665453000000003,1144.0
2010-11-03,44.702202,44.702202,44.2644,44.2644,31.589098,1831.0
2010-11-04,44.643799,44.750801,44.2644,44.750801,31.936214,1827.0
2010-11-05,44.459,44.750801,44.459,44.459,31.727971999999998,302.0
2010-11-08,44.459,44.750801,44.2644,44.5173,31.769581,1050.0
2010-11-09,44.750801,45.208099,44.750801,44.760601,31.943209000000003,152.0
2010-11-10,45.188598999999996,45.480499,44.848099,45.305401,32.332001,1876.0
2010-11-11,45.139998999999996,45.139998999999996,44.750801,45.139998999999996,32.213963,622.0
2010-11-12,44.750801,45.139998999999996,44.2644,44.2644,31.589098,1476.0
2010-11-15,44.750801,45.159401,44.750801,45.159401,32.227814,651.0
2010-11-16,45.1497,45.237301,45.1497,45.237301,32.283401,826.0
2010-11-17,45.237301,45.305401,44.293597999999996,44.507599,31.762653000000004,1294.0
2010-11-18,44.507599,45.305401,44.361698,45.305401,32.332001,594.0
2010-11-19,45.305401,45.519402,45.305401,45.334499,32.352764,247.0
2010-11-22,45.334499,45.334499,44.993999,45.091301,32.179214,747.0
2010-11-23,45.2859,45.2859,44.993999,44.993999,32.109772,310.0
2010-11-24,45.2859,45.2859,44.361698,44.750801,31.936214,957.0
2010-11-25,45.237301,45.237301,44.2644,44.2644,31.589098,2351.0
2010-11-26,45.237301,45.237301,44.497898,44.497898,31.755732000000002,515.0
2010-11-29,45.1497,45.1497,44.2644,44.274101,31.596018,593.0
2010-11-30,44.507599,44.750801,44.274101,44.750801,31.936214,1632.0
2010-12-01,44.750801,45.091301,44.750801,44.750801,31.936214,3240.0
2010-12-02,45.139998999999996,45.139998999999996,44.313,44.313,31.623777,2270.0
2010-12-03,44.750801,44.750801,44.750801,44.750801,31.936214,2576.0
2010-12-06,45.110802,45.110802,44.3228,44.459,31.727971999999998,1573.0
2010-12-07,44.7411,45.091301,44.2644,44.848099,32.005657,4343.0
2010-12-08,45.139998999999996,45.2859,44.750801,45.2859,32.318089,2685.0
2010-12-09,45.276199,45.276199,44.750801,44.750801,31.936214,1773.0
2010-12-10,44.750801,44.750801,44.750801,44.750801,31.936214,155.0
2010-12-13,44.848099,45.188598999999996,44.556301,45.188598999999996,32.24865,1222.0
2010-12-14,44.750801,45.237301,44.750801,45.237301,32.283401,962.0
2010-12-15,45.139998999999996,45.139998999999996,44.459,45.033001,32.137608,475.0
2010-12-16,44.488201000000004,45.227501000000004,44.478401,44.497898,31.755732000000002,884.0
2010-12-17,45.169201,45.237301,45.169201,45.227501000000004,32.276405,838.0
2010-12-20,45.227501000000004,45.276199,44.7411,45.276199,32.311157,2276.0
2010-12-21,45.2859,45.2859,45.091301,45.2859,32.318089,1233.0
2010-12-22,45.237301,45.237301,44.750801,44.750801,31.936214,701.0
2010-12-23,44.750801,45.237301,44.750801,45.237301,32.283401,1038.0
2010-12-24,45.227501000000004,45.227501000000004,45.227501000000004,45.227501000000004,32.276405,1.0
2010-12-27,44.7411,44.7411,44.497898,44.497898,31.755732000000002,157.0
2010-12-28,44.7411,45.139998999999996,44.497898,44.750801,31.936214,827.0
2010-12-29,44.993999,44.993999,44.750801,44.8578,32.012572999999996,649.0
2010-12-30,45.178902,45.178902,44.7995,44.848099,32.005657,840.0
2011-01-03,45.139998999999996,45.227501000000004,44.750801,44.750801,31.936214,2577.0
2011-01-04,45.130199,45.139998999999996,44.750801,44.750801,31.936214,10695.0
2011-01-05,44.750801,44.750801,44.313,44.556301,31.797409000000002,963.0
2011-01-06,44.6535,44.6535,44.361698,44.361698,31.658533000000002,777.0
2011-01-07,44.702202,44.702202,44.410301000000004,44.702202,31.901531,471.0
2011-01-10,44.750801,44.750801,44.2644,44.313,31.623777,1387.0
2011-01-11,44.1185,44.750801,44.1185,44.1185,31.484973999999998,2607.0
2011-01-12,44.137901,44.313,43.534801,43.787701,31.248905,8589.0
2011-01-13,43.797401,44.2449,43.748798,43.826599,31.276669000000002,10243.0
2011-01-14,44.167099,44.2449,43.875301,44.235199,31.568253000000002,2164.0
2011-01-17,44.225497999999995,44.225497999999995,43.807201,43.875301,31.311420000000002,2923.0
2011-01-18,44.167099,44.2644,43.923901,43.923901,31.346103999999997,3166.0
2011-01-19,44.303298999999996,45.003799,44.2644,44.6535,31.866776,3079.0
2011-01-20,44.6535,44.974602000000004,44.6049,44.6049,31.832092,908.0
2011-01-21,45.237301,45.237301,44.848099,45.237301,32.283401,1595.0
2011-01-24,45.2859,45.674999,44.9454,45.480499,32.456965999999994,2211.0
2011-01-25,45.674999,45.937698,45.237301,45.723701,32.630524,2116.0
2011-01-26,45.723701,46.1031,45.237301,45.723701,32.630524,1141.0
2011-01-27,45.918201,46.6479,45.674999,45.9669,32.804077,1489.0
2011-01-28,46.609001,46.609001,45.674999,45.684799,32.602757000000004,1406.0
2011-01-31,46.210097999999995,46.696498999999996,46.210097999999995,46.210097999999995,32.977634,1542.0
2011-02-01,46.219799,47.669399,46.219799,46.696498999999996,33.324749,1770.0
2011-02-02,46.4533,46.696498999999996,45.8209,45.8209,32.699886,2163.0
2011-02-03,45.8209,45.918201,45.2859,45.2859,32.318089,2167.0
2011-02-04,45.723701,46.686797999999996,45.723701,45.869597999999996,32.734638000000004,1278.0
2011-02-07,46.677101,46.939701,46.278197999999996,46.278197999999996,33.026234,2482.0
2011-02-08,47.182899,47.182899,46.7938,46.8424,33.428875,246.0
2011-02-09,46.8424,47.669399,46.8424,47.416401,33.838509,1622.0
2011-02-10,47.036999,47.280201,47.036999,47.036999,33.567749,915.0
2011-02-11,47.182899,47.182899,46.6479,46.696498999999996,33.324749,2292.0
2011-02-14,47.173199,47.173199,46.696498999999996,46.696498999999996,33.324749,322.0
2011-02-15,46.6479,46.939701,46.2393,46.404701,33.116512,1532.0
2011-02-16,46.210097999999995,46.696498999999996,46.210097999999995,46.696498999999996,33.324749,1669.0
2011-02-17,46.696498999999996,46.745201,46.696498999999996,46.696498999999996,33.324749,1159.0
2011-02-18,46.696498999999996,46.939701,46.463001,46.696498999999996,33.324749,798.0
2011-02-21,46.609001,47.182899,46.609001,46.900799,33.470551,3693.0
2011-02-22,46.891102000000004,47.669399,46.813301,47.659599,34.012066,1720.0
2011-02-23,46.7062,48.398998,46.677101,46.677101,33.310913,2163.0
2011-02-24,47.572102,47.572102,46.8424,46.8424,33.428875,996.0
2011-02-25,47.182899,47.182899,46.696498999999996,47.105098999999996,33.616347999999995,1833.0
2011-02-28,47.173199,47.173199,46.677101,46.677101,33.310913,3006.0
2011-03-01,46.618697999999995,47.902802,46.463001,46.696498999999996,33.324749,4598.0
2011-03-02,46.696498999999996,47.912601,46.696498999999996,47.533198999999996,33.921856,1387.0
2011-03-03,47.863898999999996,47.8736,47.484501,47.863898999999996,34.15786,1015.0
2011-03-04,47.863898999999996,47.912601,47.5429,47.5429,33.928783,1246.0
2011-03-07,47.659599,47.912601,47.484501,47.620701000000004,33.984303000000004,431.0
2011-03-08,47.912601,47.912601,47.620701000000004,47.766602,34.088425,736.0
2011-03-09,47.766602,47.912601,47.669399,47.669399,34.019058,540.0
2011-03-10,47.669399,48.068199,47.620701000000004,48.068199,34.303661,785.0
2011-03-11,47.669399,48.243301,47.669399,48.243301,34.428627,1384.0
2011-03-14,48.097401,48.243301,47.717999,47.717999,34.053740999999995,1222.0
2011-03-15,48.233601,48.233601,47.426201,47.426201,33.845501,1625.0
2011-03-16,47.435902,48.1558,47.435902,48.136299,34.352261,804.0
2011-03-17,48.097401,48.097401,47.523399,48.058498,34.296738,453.0
2011-03-18,47.912601,48.058498,47.523399,47.523399,33.914864,712.0
2011-03-21,47.523399,47.523399,47.523399,47.523399,33.914864,2.0
2011-03-22,47.669399,47.776402000000004,47.182899,47.659599,34.012066,2286.0
2011-03-23,47.669399,47.669399,46.8424,47.280201,33.741306,365.0
2011-03-24,47.182899,47.182899,46.8619,46.8619,33.442787,312.0
2011-03-25,47.611,47.611,47.533198999999996,47.533198999999996,33.921856,356.0
2011-03-28,47.552601,47.766602,46.813301,46.8424,33.428875,451.0
2011-03-29,47.562302,47.717999,46.832699,46.832699,33.421951,1045.0
2011-03-30,46.696498999999996,47.2024,46.550598,46.832699,33.421951,1636.0
2011-03-31,47.5429,48.0196,46.9105,48.0196,34.268978000000004,735.0
2011-04-01,47.659599,47.9515,47.036999,47.717999,34.053740999999995,1886.0
2011-04-04,47.017601,47.6791,47.017601,47.124598999999996,33.630264000000004,319.0
2011-04-05,47.630402000000004,47.630402000000004,47.1343,47.144001,33.644112,249.0
2011-04-06,47.280201,47.280201,47.280201,47.280201,33.741306,513.0
2011-04-07,47.280201,47.280201,46.949501,46.949501,33.505309999999994,811.0
2011-04-08,46.9884,47.2705,46.891102000000004,47.2705,33.734386,1753.0
2011-04-11,47.280201,47.4748,47.056499,47.056499,33.581665,211.0
2011-04-12,47.484501,47.484501,46.9884,46.9884,33.533066,1018.0
2011-04-13,47.280201,47.280201,46.93,47.085701,33.602509000000005,292.0
2011-04-14,47.280201,47.912601,47.280201,47.912601,34.192619,1008.0
2011-04-15,47.669399,48.243301,47.669399,48.204399,34.400859999999994,1144.0
2011-04-18,48.204399,48.204399,48.204399,48.204399,34.400859999999994,98.0
2011-04-19,47.6791,48.204399,47.6791,47.69850200000001,34.039829,555.0
2011-04-20,48.243301,48.243301,47.786097999999996,47.786097999999996,34.102340999999996,163.0
2011-04-21,48.340599,48.340599,47.786097999999996,47.795799,34.109264,344.0
2011-04-26,48.340599,48.340599,47.795799,47.961201,34.227303000000006,620.0
2011-04-27,48.194697999999995,48.204399,48.1558,48.1558,34.366172999999996,280.0
2011-04-28,48.204399,48.204399,47.834702,48.1558,34.366172999999996,1254.0
2011-04-29,48.1558,48.204399,48.1558,48.204399,34.400859999999994,314.0
2011-05-02,47.8736,48.194697999999995,47.8736,48.194697999999995,34.393936,606.0
2011-05-03,48.107101,48.253101,48.107101,48.253101,34.435612,879.0
2011-05-04,48.253101,48.398998,48.253101,48.398998,34.539734,1589.0
2011-05-05,48.253101,48.739498,48.253101,48.739498,34.782734000000005,1568.0
2011-05-06,48.4963,50.043098,48.4963,49.615101,35.4076,2013.0
2011-05-09,49.605301000000004,49.615101,48.262798,48.262798,34.442539000000004,1239.0
2011-05-10,48.301701,48.6227,48.262798,48.3601,34.511974,450.0
2011-05-11,48.369801,48.369801,48.369801,48.369801,34.518894,37.0
2011-05-12,48.3601,49.0313,48.3503,48.6422,34.713295,1508.0
2011-05-13,,,,,,
2011-05-16,49.177299,49.809601,48.9632,49.605301000000004,35.400604,2133.0
2011-05-17,49.0411,49.5956,49.0313,49.5956,35.393681,622.0
2011-05-18,49.0508,49.809601,49.0508,49.809601,35.546402,1318.0
2011-05-19,50.179297999999996,50.179297999999996,49.332901,49.449699,35.289566,589.0
2011-05-20,49.712299,50.101501,49.712299,50.101501,35.754719,636.0
2011-05-23,49.945801,49.945801,49.0313,49.274601000000004,35.1646,3116.0
2011-05-24,49.420502,49.469101,48.885399,48.885399,34.886852000000005,2980.0
2011-05-25,48.856201,49.313499,48.856201,49.313499,35.19236400000001,452.0
2011-05-26,49.128601,49.128601,48.544899,48.544899,34.643852,1711.0
2011-05-27,48.9827,49.128601,48.5546,48.5741,34.664696,48253.0
2011-05-30,48.885399,49.128601,48.6908,48.885399,34.886852000000005,3033.0
2011-05-31,48.6908,49.469101,48.6908,48.953499,34.935448,1751.0
2011-06-01,49.420502,49.469101,48.934101,48.9827,34.956291,2094.0
2011-06-02,49.011902,49.507999,48.9827,48.9827,34.956291,2189.0
2011-06-03,49.615101,49.615101,49.615101,49.615101,35.4076,565.0
2011-06-06,49.605301000000004,49.712299,49.469101,49.712299,35.476967,388.0
2011-06-07,49.712299,50.091702000000005,49.420502,49.906898,35.615845,2166.0
2011-06-08,49.906898,50.052799,49.420502,50.052799,35.719963,1557.0
2011-06-09,50.101501,50.587897999999996,49.469101,50.578201,36.094913,2677.0
2011-06-10,50.578201,50.587897999999996,49.6637,50.1987,35.824085,1229.0
2011-06-13,49.449699,50.179297999999996,49.449699,50.179297999999996,35.810234,84.0
2011-06-14,50.490601,50.587897999999996,50.393299,50.393299,35.962959000000005,821.0
2011-06-15,50.393299,50.8214,49.615101,49.615101,35.4076,1384.0
2011-06-16,49.615101,50.8311,49.615101,50.578201,36.094913,481.0
2011-06-17,50.101501,50.977001,50.101501,50.928398,36.34483,512.0
2011-06-20,50.150101,50.9673,49.6637,50.8214,36.268467,1378.0
2011-06-21,49.683102000000005,50.442001,49.128601,49.488602,35.317326,3467.0
2011-06-22,49.517799,50.4711,49.430199,49.430199,35.275646,391.0
2011-06-23,49.5275,50.490601,49.5275,50.393299,35.96295900000001,721.0
2011-06-24,49.829102,50.4809,49.829102,49.858299,35.581158,911.0
2011-06-27,50.101501,50.101501,49.624802,50.101501,35.754719,657.0
2011-06-28,50.101501,50.587897999999996,50.101501,50.587897999999996,36.101833,1803.0
2011-06-29,50.1987,51.074298999999996,50.1987,51.074298999999996,36.448948,9037.0
2011-06-30,47.6791,50.101501,47.6791,49.615101,37.383869,2712.0
2011-07-01,49.420502,51.006199,49.420502,51.006199,38.43203,3039.0
2011-07-04,50.587897999999996,50.587897999999996,48.797901,50.393299,37.970222,4538.0
2011-07-05,50.587897999999996,50.587897999999996,49.916599,50.101501,37.750362,1690.0
2011-07-06,50.101501,50.490601,49.780398999999996,50.1987,37.823597,896.0
2011-07-07,50.587897999999996,50.587897999999996,49.780398999999996,50.150101,37.786976,904.0
2011-07-08,50.101501,50.150101,49.780398999999996,49.906898,37.603729,1825.0
2011-07-11,49.624802,50.442001,48.6422,48.6422,36.65081,1657.0
2011-07-12,48.6422,49.2551,48.204399,48.788101,36.760742,1802.0
2011-07-13,48.2141,48.9827,48.2141,48.875702000000004,36.826747999999995,826.0
2011-07-14,48.204399,48.9827,48.204399,48.739498,36.724117,1531.0
2011-07-15,48.739498,49.858299,48.739498,49.615101,37.383869,1931.0
2011-07-18,49.809601,50.568401,49.128601,50.568401,38.102158,3384.0
2011-07-19,49.615101,49.916599,49.615101,49.916599,37.611038,304.0
2011-07-20,49.722099,50.393299,49.245399,50.286301,37.889603,1505.0
2011-07-21,50.4809,50.587897999999996,50.4128,50.587897999999996,38.116848,1645.0
2011-07-22,49.615101,49.722099,49.615101,49.712299,37.457108000000005,431.0
2011-07-25,50.432201,50.442001,49.76100200000001,50.432201,37.999534999999995,454.0
2011-07-26,50.403,50.403,50.403,50.403,37.977534999999996,192.0
2011-07-27,50.101501,50.587897999999996,50.101501,50.587897999999996,38.116848,1568.0
2011-07-28,50.111198,50.587897999999996,50.101501,50.587897999999996,38.116848,1787.0
2011-07-29,50.013901000000004,50.393299,50.013901000000004,50.393299,37.970222,289.0
2011-08-01,50.052799,50.393299,49.858299,50.101501,37.750362,2043.0
2011-08-02,50.052799,50.101501,49.809601,49.809601,37.530421999999994,1428.0
2011-08-03,49.809601,49.965302,49.128601,49.148102,37.031994,1422.0
2011-08-04,49.128601,50.09170200000001,48.253101,49.187,37.06130200000001,2604.0
2011-08-05,48.1558,49.0313,47.6791,48.398998,36.46756,3071.0
2011-08-08,47.669399,47.863898999999996,45.918201,46.404701,34.964901,10657.0
2011-08-09,46.1614,47.231602,46.1614,46.939701,35.368015,53254.0
2011-08-10,47.182899,48.3503,47.182899,47.669399,35.917828,2698.0
2011-08-11,47.669399,48.6422,47.669399,48.398998,36.46756,1956.0
2011-08-12,47.688801,47.69850200000001,47.426201,47.4748,35.771202,3868.0
2011-08-15,47.669399,47.669399,47.669399,47.669399,35.917828,380.0
2011-08-16,47.669399,47.669399,47.4748,47.523399,35.807815999999995,763.0
2011-08-17,47.669399,47.669399,47.523399,47.669399,35.917828,2210.0
2011-08-18,47.669399,47.669399,47.523399,47.669399,35.917828,1480.0
2011-08-19,47.669399,47.669399,47.426201,47.426201,35.734581,656.0
2011-08-22,47.669399,47.669399,47.426201,47.669399,35.917828,586.0
2011-08-23,47.426201,47.4748,47.377499,47.4748,35.771202,515.0
2011-08-24,47.4748,47.669399,47.4748,47.4748,35.771202,574.0
2011-08-25,47.669399,48.146,47.669399,47.669399,35.917828,2721.0
2011-08-26,48.107101,48.107101,47.4748,47.4748,35.771202,514.0
2011-08-29,48.097401,48.1558,47.192699,47.8153,36.02776,1768.0
2011-08-30,47.766602,47.766602,47.766602,47.766602,35.991062,617.0
2011-08-31,47.766602,47.766602,47.182899,47.182899,35.551262,1104.0
2011-09-01,48.1558,48.1558,47.435902,47.435902,35.741894,243.0
2011-09-02,48.097401,48.097401,47.659599,47.6791,35.925133,531.0
2011-09-05,47.8153,47.8153,47.4067,47.4067,35.719883,1218.0
2011-09-06,47.8153,47.863898999999996,47.4067,47.4067,35.719883,349.0
2011-09-07,47.572102,48.1558,47.572102,48.097401,36.240318,731.0
2011-09-08,47.669399,47.6791,46.7938,46.803501000000004,35.265388,3614.0
2011-09-09,47.007801,47.007801,46.891102000000004,46.891102000000004,35.331398,663.0
2011-09-12,46.891102000000004,47.465099,46.7938,46.7938,35.25808,1058.0
2011-09-13,47.572102,47.717999,46.4533,46.4533,35.001521999999994,2708.0
2011-09-14,46.531101,47.572102,46.463001,46.463001,35.008839,210.0
2011-09-15,46.696498999999996,47.9515,46.5019,46.696498999999996,35.184769,760.0
2011-09-16,47.863898999999996,47.863898999999996,46.7938,46.7938,35.25808,371.0
2011-09-19,46.560299,47.572102,46.560299,46.618697999999995,35.126144000000004,945.0
2011-09-20,47.9417,47.9417,46.95920200000001,47.241299,35.595261,437.0
2011-09-21,46.900799,46.900799,46.492199,46.492199,35.030834000000006,1054.0
2011-09-22,46.696498999999996,47.562302,46.6479,46.6479,35.148144,591.0
2011-09-23,46.696498999999996,47.552601,46.317101,46.317101,34.898899,2855.0
2011-09-26,47.085701,47.085701,46.317101,46.4533,35.001521999999994,2124.0
2011-09-27,46.4533,46.696498999999996,46.4533,46.696498999999996,35.184769,360.0
2011-09-28,46.891102000000004,47.182899,46.7062,46.7062,35.192074,386.0
2011-09-29,46.7062,47.2705,46.7062,47.2705,35.617264,87.0
2011-09-30,47.572102,47.9515,47.280201,47.756901,35.98375700000001,650.0
2011-10-03,47.659599,47.659599,46.716,46.7257,35.206771999999994,930.0
2011-10-04,46.7938,47.717999,46.210097999999995,46.2393,34.840275,3980.0
2011-10-05,46.258701,46.939701,46.258701,46.939701,35.368015,649.0
2011-10-06,46.7062,47.1343,46.696498999999996,47.1343,35.514641,1614.0
2011-10-07,47.114799,47.114799,45.869597999999996,45.918201,34.598339,3149.0
2011-10-10,45.889,46.6479,45.869597999999996,46.6479,35.148144,1560.0
2011-10-11,46.122501,46.122501,46.122501,46.122501,34.752274,271.0
2011-10-12,46.122501,47.124598999999996,46.122501,46.258701,34.854896999999994,909.0
2011-10-13,46.394901000000004,47.124598999999996,46.317101,46.404701,34.964901,738.0
2011-10-14,46.696498999999996,47.124598999999996,46.696498999999996,46.7062,35.192074,1362.0
2011-10-17,46.735401,46.745201,46.7257,46.7257,35.206771999999994,441.0
2011-10-18,46.7257,47.1343,46.696498999999996,46.696498999999996,35.184769,1126.0
2011-10-19,46.891102000000004,46.891102000000004,46.317101,46.317101,34.898899,322.0
2011-10-20,46.210097999999995,46.4533,46.210097999999995,46.4533,35.001521999999994,420.0
2011-10-21,46.268501,47.075901,46.268501,46.346298,34.920902000000005,502.0
2011-10-24,46.346298,46.968899,45.9669,46.210097999999995,34.818275,1462.0
2011-10-25,46.015499,46.8424,46.015499,46.8424,35.294701,406.0
2011-10-26,46.677101,47.0662,46.599201,47.0662,35.463328999999995,843.0
2011-10-27,47.0662,47.182899,46.716,46.716,35.199463,1559.0
2011-10-28,46.716,47.377499,46.696498999999996,46.696498999999996,35.184769,2240.0
2011-10-31,46.2393,46.5798,46.210097999999995,46.210097999999995,34.818275,1420.0
2011-11-01,46.219799,46.219799,46.219799,46.219799,34.825588,1.0
2011-11-02,46.268501,47.280201,46.268501,47.280201,35.624573,412.0
2011-11-03,47.2705,47.2705,46.2295,47.2705,35.617264,302.0
2011-11-04,46.414398,46.560299,46.414398,46.560299,35.082142,61.0
2011-11-07,46.414398,47.309399,46.404701,47.309399,35.646576,633.0
2011-11-08,47.182899,47.280201,46.404701,47.280201,35.624573,380.0
2011-11-09,47.280201,47.309399,46.7938,47.2705,35.617264,96.0
2011-11-10,46.7938,47.250999,46.7938,47.241299,35.595261,338.0
2011-11-11,47.182899,47.182899,47.182899,47.182899,35.551262,57.0
2011-11-14,47.085701,47.328899,46.7062,47.328899,35.661274,852.0
2011-11-15,46.735401,47.328899,46.7257,46.9884,35.404709000000004,2225.0
2011-11-16,46.9884,46.9884,46.015499,46.355999,34.928211,2210.0
2011-11-17,46.3657,46.696498999999996,46.015499,46.2295,34.832893,1673.0
2011-11-18,46.696498999999996,47.290001000000004,46.696498999999996,47.290001000000004,35.631958000000004,111.0
2011-11-21,46.696498999999996,49.605301000000004,46.696498999999996,49.605301000000004,37.37648400000001,5915.0
2011-11-22,48.593601,49.128601,48.447601,48.5546,36.584808,756.0
2011-11-23,48.6422,48.729801,48.447601,48.681098999999996,36.680119,1346.0
2011-11-24,48.437901000000004,48.447601,47.863898999999996,48.1558,36.284317,451.0
2011-11-25,47.9515,47.9515,46.696498999999996,46.803501000000004,35.265388,1309.0
2011-11-28,46.696498999999996,46.7938,46.219799,46.686797999999996,35.177456,822.0
2011-11-29,46.686797999999996,46.7743,46.686797999999996,46.686797999999996,35.177456,384.0
2011-11-30,46.686797999999996,46.7938,46.2393,46.3657,34.935516,633.0
2011-12-01,46.3657,47.1343,46.3657,47.1343,35.514641,206.0
2011-12-02,46.716,47.825001,46.716,47.825001,36.035065,320.0
2011-12-05,46.900799,46.900799,46.696498999999996,46.696498999999996,35.184769,721.0
2011-12-06,46.7062,46.803501000000004,46.696498999999996,46.696498999999996,35.184769,455.0
2011-12-07,46.745201,47.377499,46.745201,47.1343,35.514641,524.0
2011-12-08,46.803501000000004,47.4748,46.696498999999996,46.696498999999996,35.184769,595.0
2011-12-09,46.7938,47.552601,46.7062,46.7938,35.25808,777.0
2011-12-12,46.696498999999996,47.36780200000001,46.268501,46.355999,34.928211,936.0
2011-12-13,47.562302,47.562302,46.3657,47.328899,35.661274,863.0
2011-12-14,47.620701000000004,47.620701000000004,46.258701,47.231602,35.587955,802.0
2011-12-15,46.881401000000004,46.881401000000004,46.696498999999996,46.696498999999996,35.184769,342.0
2011-12-16,46.696498999999996,46.696498999999996,45.8209,46.035,34.686344,29035.0
2011-12-19,46.0252,46.9884,46.0252,46.9884,35.40470900000001,538.0
2011-12-20,46.9884,46.9884,45.8209,45.8209,34.525017,1595.0
2011-12-21,45.8209,47.182899,45.723701,46.210097999999995,34.818275,1022.0
2011-12-22,46.696498999999996,46.696498999999996,45.237301,45.237301,34.085297,7226.0
2011-12-23,45.256699,46.696498999999996,45.256699,46.696498999999996,35.184769,305.0
2011-12-27,45.850101,45.918201,45.850101,45.918201,34.598339,189.0
2011-12-28,46.891102000000004,46.891102000000004,45.986301,46.4533,35.001521999999994,536.0
2011-12-29,46.939701,47.659599,46.463001,47.659599,35.91043900000001,610.0
2011-12-30,47.611,47.669399,47.611,47.669399,35.917828,101.0
2012-01-02,46.8424,46.8424,46.210097999999995,46.210097999999995,34.818275,246.0
2012-01-03,46.268501,47.669399,46.268501,47.572102,35.844516999999996,713.0
2012-01-04,47.581799,47.611,47.572102,47.611,35.873821,175.0
2012-01-05,46.4533,47.620701000000004,46.4533,47.620701000000004,35.881134,1035.0
2012-01-06,46.696498999999996,46.891102000000004,46.560299,46.560299,35.082142,639.0
2012-01-09,46.599201,47.562302,46.560299,46.57,35.089451000000004,561.0
2012-01-10,46.57,46.7743,46.57,46.609001,35.118839,126.0
2012-01-11,46.609001,46.618697999999995,46.560299,46.560299,35.082142,416.0
2012-01-12,47.085701,47.766602,46.560299,46.677101,35.170151000000004,1719.0
2012-01-13,46.8424,47.669399,46.6479,47.669399,35.917828,402.0
2012-01-16,47.669399,48.1558,46.210097999999995,46.482498,35.023525,1835.0
2012-01-17,46.3755,47.377499,46.326801,46.716,35.199463,934.0
2012-01-18,46.696498999999996,47.669399,46.696498999999996,47.182899,35.551262,1597.0
2012-01-19,47.280201,47.8153,47.280201,47.8153,36.02776,128.0
2012-01-20,47.825001,48.097401,47.280201,48.0877,36.233006,1994.0
2012-01-23,47.669399,48.0098,47.669399,48.0098,36.174313,136.0
2012-01-24,47.572102,48.048801,46.599201,48.048801,36.203701,1474.0
2012-01-25,48.048801,48.048801,46.949501,47.669399,35.917828,467.0
2012-01-26,47.611,47.620701000000004,47.290001000000004,47.328899,35.661274,956.0
2012-01-27,47.367802000000005,47.367802000000005,47.367802000000005,47.367802000000005,35.690575,21.0
2012-01-30,47.367802000000005,47.8153,47.367802000000005,47.367802000000005,35.690575,494.0
2012-01-31,47.36780200000001,47.36780200000001,47.280201,47.280201,35.624573,155.0
2012-02-01,48.000099,48.1558,47.280201,48.1558,36.284317,3495.0
2012-02-02,48.146,48.1558,46.9884,47.182899,35.551262,1897.0
2012-02-03,47.182899,47.805599,46.696498999999996,47.805599,36.020454,1228.0
2012-02-06,47.669399,47.669399,46.686797999999996,47.669399,35.917828,2107.0
2012-02-07,47.6791,47.6791,47.669399,47.669399,35.917828,207.0
2012-02-08,47.669399,48.1558,47.669399,47.669399,35.917828,684.0
2012-02-09,47.688801,48.1558,47.669399,47.912601,36.10107,795.0
2012-02-10,48.243301,48.243301,46.9884,46.9884,35.404709000000004,1169.0
2012-02-13,47.192699,47.212101000000004,46.900799,46.900799,35.338707,209.0
2012-02-14,46.900799,47.611,46.900799,47.611,35.873821,52.0
2012-02-15,47.611,48.340599,47.182899,48.340599,36.423561,489.0
2012-02-16,47.9515,47.9515,47.766602,47.766602,35.991062,351.0
2012-02-17,47.766602,47.766602,47.523399,47.523399,35.807815999999995,371.0
2012-02-20,47.523399,47.863898999999996,47.523399,47.863898999999996,36.064381,1690.0
2012-02-21,47.669399,47.6791,47.669399,47.669399,35.917828,1143.0
2012-02-22,47.688801,48.107101,47.669399,47.6791,35.925133,1166.0
2012-02-23,47.6791,48.097401,47.669399,47.669399,35.917828,836.0
2012-02-24,47.776402000000004,48.301701,47.776402000000004,48.1558,36.284317,1010.0
2012-02-27,48.1558,48.243301,47.8153,47.8153,36.02776,2181.0
2012-02-28,47.922298,48.398998,47.727699,48.398998,36.46756,4210.0
2012-02-29,48.398998,48.398998,47.688801,47.688801,35.932446,284.0
2012-03-01,47.688801,48.437901000000004,47.688801,47.8736,36.071690000000004,336.0
2012-03-02,47.8736,48.4865,47.688801,48.4865,36.533493,697.0
2012-03-05,47.688801,48.437901000000004,47.688801,47.766602,35.991062,728.0
2012-03-06,47.8736,48.1558,47.698502000000005,47.698502000000005,35.939754,969.0
2012-03-07,47.708302,48.476799,47.708302,48.467098,36.518871000000004,664.0
2012-03-08,48.467098,48.467098,47.688801,47.688801,35.932446,50.0
2012-03-09,48.058498,48.058498,47.688801,47.727699,35.961754,383.0
2012-03-12,48.058498,48.720001,47.893101,48.6422,36.65081,3169.0
2012-03-13,49.615101,49.615101,48.6422,49.080002,36.980686,751.0
2012-03-14,49.0313,49.080002,48.146,49.070301,36.973372999999995,803.0
2012-03-15,48.146,49.060501,48.146,49.060501,36.965988,815.0
2012-03-16,49.021599,49.0313,48.0877,48.934101,36.87075,1382.0
2012-03-19,48.934101,49.566399,48.6422,48.6422,36.65081,919.0
2012-03-20,48.175201,48.934101,48.1558,48.934101,36.87075,1275.0
2012-03-21,49.556702,49.556702,48.1558,49.274601000000004,37.127311999999996,531.0
2012-03-22,49.274601000000004,49.274601000000004,47.863898999999996,49.0313,36.943989,1156.0
2012-03-23,49.0313,49.469101,47.961201,47.961201,36.137691,1189.0
2012-03-26,47.961201,48.6422,47.961201,48.6422,36.65081,894.0
2012-03-27,48.6422,49.225899,47.8153,48.525501,36.562881,2251.0
2012-03-28,48.525501,48.525501,48.1558,48.253101,36.357632,295.0
2012-03-30,48.253101,48.6325,47.8153,47.8736,36.071690000000004,1247.0
2012-04-02,49.517799,49.517799,47.970901,48.1558,36.284317,506.0
2012-04-03,49.0313,49.0313,48.107101,49.0313,36.943989,301.0
2012-04-04,49.0313,49.0313,48.1558,48.6908,36.687428000000004,807.0
2012-04-05,48.6422,48.6422,48.107101,48.4963,36.540871,202.0
2012-04-10,48.8368,48.8368,47.8736,47.961201,36.137691,698.0
2012-04-11,47.961201,49.0313,47.961201,48.398998,36.46756,1108.0
2012-04-12,48.408699,48.6422,47.8736,47.8736,36.071690000000004,305.0
2012-04-13,47.893101,49.1189,47.893101,48.739498,36.724117,1664.0
2012-04-16,48.943802000000005,49.615101,48.943802000000005,49.615101,37.383869,982.0
2012-04-17,49.615101,49.615101,49.0313,49.0411,36.951370000000004,945.0
2012-04-18,49.615101,49.897202,49.0508,49.897202,37.596424,527.0
2012-04-19,49.887402,50.1306,49.128601,49.128601,37.0173,135.0
2012-04-20,48.0098,49.615101,48.0098,49.615101,37.383869,413.0
2012-04-23,49.128601,49.615101,48.943802000000005,48.9632,36.892677,1028.0
2012-04-24,48.9632,49.128601,48.934101,48.934101,36.87075,394.0
2012-04-25,49.0313,49.128601,48.6422,48.6422,36.65081,351.0
2012-04-26,48.6422,50.490601,48.6422,49.342701,37.178622999999995,1412.0
2012-04-27,49.342701,49.615101,48.165501,49.128601,37.0173,842.0
2012-04-30,50.383598,50.383598,49.128601,49.624802,37.391174,464.0
2012-05-02,49.624802,50.373901000000004,48.934101,48.934101,36.87075,1141.0
2012-05-03,48.934101,50.490601,48.934101,50.296001000000004,37.896912,971.0
2012-05-04,50.296001000000004,50.383598,49.128601,49.712299,37.457108000000005,2845.0
2012-05-07,49.507999,49.712299,48.467098,48.544899,36.577496000000004,1153.0
2012-05-08,48.544899,50.091702000000005,48.544899,48.8368,36.797436,883.0
2012-05-09,48.788101,48.788101,48.788101,48.788101,36.760742,51.0
2012-05-10,48.788101,50.0042,48.544899,48.5546,36.584808,1522.0
2012-05-11,48.5644,50.082001,48.544899,50.0723,37.72835900000001,3158.0
2012-05-14,50.043098,50.052799,48.7589,50.0042,37.677048,1453.0
2012-05-15,49.9944,49.9944,48.8465,49.187,37.06130200000001,641.0
2012-05-16,49.0994,49.955502,49.0994,49.906898,37.603729,970.0
2012-05-17,49.897202,49.897202,49.089698999999996,49.517799,37.310555,525.0
2012-05-18,49.138401,49.7999,49.080002,49.080002,36.980686,488.0
2012-05-21,49.615101,49.906898,49.1092,49.906898,37.603729,934.0
2012-05-22,49.897202,49.906898,49.887402,49.906898,37.603729,450.0
2012-05-23,48.7589,49.615101,48.739498,49.615101,37.383869,696.0
2012-05-24,49.615101,51.074298999999996,49.245399,50.101501,37.750362,5048.0
2012-05-25,50.101501,51.560699,49.634499,50.101501,37.750362,604.0
2012-05-28,50.111198,50.2085,50.111198,50.2085,37.830982,113.0
2012-05-29,50.2085,51.3759,50.2085,51.3759,38.710594,104.0
2012-05-30,51.317501,51.317501,50.305801,50.3447,37.933605,362.0
2012-05-31,50.3447,51.123001,50.101501,51.123001,38.520035,404.0
2012-06-01,51.123001,51.259201000000004,50.782501,50.782501,38.263477,171.0
2012-06-04,51.3078,51.327301,49.68310200000001,50.1987,37.823597,2389.0
2012-06-05,50.1987,52.514099,49.615101,49.819302,37.537731,3566.0
2012-06-06,48.856201,51.054901,48.856201,51.054901,38.468727,1283.0
2012-06-07,51.045101,51.045101,50.257099,50.704601000000004,38.204781,760.0
2012-06-08,50.704601000000004,50.977001,49.673401,49.809601,37.530421999999994,4003.0
2012-06-11,49.829102,51.0159,49.829102,50.782501,38.263477,254.0
2012-06-12,50.578201,50.578201,49.770699,49.780398999999996,37.508419,706.0
2012-06-13,50.101501,50.549,49.761002000000005,50.383598,37.962914000000005,1700.0
2012-06-14,50.383598,50.724098,49.624802,50.724098,38.219475,2292.0
2012-06-15,50.724098,50.8311,49.6637,49.6637,37.420486,917.0
2012-06-18,49.6637,50.597599,49.6637,50.587897999999996,38.116848,852.0
2012-06-19,50.597599,51.463501,50.587897999999996,51.2981,38.651965999999994,604.0
2012-06-20,51.2981,51.366199,50.6073,51.366199,38.703281,566.0
2012-06-21,51.366199,51.366199,50.694901,50.694901,38.197475,404.0
2012-06-22,50.694901,51.249401,50.597599,51.2397,38.607966999999995,476.0
2012-06-25,51.2397,51.2397,51.074298999999996,51.200802,38.578663,726.0
2012-06-26,51.2202,51.463501,50.6171,51.463501,38.7766,1657.0
2012-06-27,51.453701,51.560699,50.977001,51.560699,38.849834,2165.0
2012-06-28,50.587897999999996,50.587897999999996,48.253101,49.507999,39.44524000000001,3295.0
2012-06-29,50.587897999999996,50.587897999999996,49.615101,49.615101,39.530571,575.0
2012-07-02,49.615101,50.977001,49.615101,50.977001,40.615662,363.0
2012-07-03,50.5392,50.5392,49.624802,50.091702000000005,39.910297,1036.0
2012-07-04,49.761002000000005,50.101501,49.517799,49.761002000000005,39.646815999999994,1288.0
2012-07-05,49.76100200000001,49.76100200000001,48.749199,48.8465,38.918198,1609.0
2012-07-06,48.749199,49.5956,48.749199,49.5956,39.515034,474.0
2012-07-09,49.585899,49.585899,48.7589,48.7589,38.8484,810.0
2012-07-10,48.807598,49.585899,48.797901,49.585899,39.507305,757.0
2012-07-11,49.5956,49.5956,48.788101,48.788101,38.871662,277.0
2012-07-12,48.7687,49.585899,48.7687,48.8465,38.918198,734.0
2012-07-13,48.8465,49.615101,48.8465,49.332901,39.305733000000004,94065.0
2012-07-16,49.3232,49.332901,48.749199,49.332901,39.305733000000004,1228.0
2012-07-17,49.3232,49.605301000000004,48.817299,49.177299,39.181759,905.0
2012-07-18,48.9827,49.615101,48.9827,49.177299,39.181759,2595.0
2012-07-19,49.615101,49.615101,49.0411,49.605301000000004,39.522766,661.0
2012-07-20,49.517799,49.615101,49.138401,49.615101,39.530571,775.0
2012-07-23,49.5956,49.605301000000004,49.148102,49.605301000000004,39.522766,178.0
2012-07-24,48.8368,49.605301000000004,48.4963,48.924301,38.980183000000004,3815.0
2012-07-25,48.262798,49.225899,48.262798,49.225899,39.220478,335.0
2012-07-26,49.206501,49.206501,48.3503,48.3503,38.52285,704.0
2012-07-27,48.408699,49.517799,48.398998,49.517799,39.453045,1919.0
2012-07-30,49.517799,49.7999,48.651901,49.770699,39.654545,1369.0
2012-07-31,49.7999,49.7999,48.4865,49.128601,39.142956,1187.0
2012-08-01,49.1189,49.128601,48.661701,49.128601,39.142956,572.0
2012-08-02,49.1189,49.790199,49.1189,49.128601,39.142956,50593.0
2012-08-03,49.128601,49.751202,48.661701,49.128601,39.142956,303.0
2012-08-06,49.790199,49.790199,49.615101,49.615101,39.530571,509.0
2012-08-07,49.615101,50.451698,49.615101,50.442001,40.1894,1183.0
2012-08-08,50.442001,50.587897999999996,50.101501,50.587897999999996,40.305645,833.0
2012-08-09,50.568401,51.550999,50.490601,51.541302,41.065258,1795.0
2012-08-10,51.531601,51.531601,51.531601,51.531601,41.057533,1.0
2012-08-13,51.453701,51.9888,51.453701,51.560699,41.080719,1816.0
2012-08-14,51.550999,51.550999,50.977001,51.5121,41.041996000000005,1164.0
2012-08-15,51.4245,51.492599,49.809601,51.492599,41.026459,574.0
2012-08-16,51.492599,51.502399,49.624802,51.434298999999996,40.980007,668.0
2012-08-17,51.434298999999996,51.434298999999996,51.434298999999996,51.434298999999996,40.980007,1.0
2012-08-20,50.150101,51.414799,49.809601,51.414799,40.964478,259.0
2012-08-21,51.414799,51.414799,49.751202,50.840801,40.507145,900.0
2012-08-22,51.074298999999996,51.395401,48.807598,49.498298999999996,39.437508,3388.0
2012-08-23,49.498298999999996,50.364101,49.498298999999996,50.354401,40.119606,246.0
2012-08-24,50.908901,50.908901,49.128601,50.101501,39.91811,416.0
2012-08-27,50.296001000000004,50.490601,49.974998,49.974998,39.817322,827.0
2012-08-28,49.974998,49.974998,49.478901,49.478901,39.422058,506.0
2012-08-29,49.809601,50.101501,48.885399,48.885399,38.949188,2224.0
2012-08-30,48.94380200000001,49.371798999999996,48.7687,48.7687,38.856209,1236.0
2012-08-31,48.788101,49.3232,48.7687,48.7687,38.856209,481.0
2012-09-03,48.7687,49.7999,48.7687,49.293999,39.274734,573.0
2012-09-04,49.293999,49.7999,49.128601,49.615101,39.530571,447.0
2012-09-05,49.615101,49.7999,48.739498,49.780398999999996,39.662273,1353.0
2012-09-06,49.76100200000001,49.76100200000001,48.5644,48.5644,38.693432,1030.0
2012-09-07,49.76100200000001,49.76100200000001,47.912601,49.313499,39.290271999999995,702.0
2012-09-10,49.313499,49.313499,49.313499,49.313499,39.290271999999995,1.0
2012-09-11,48.437901000000004,48.6325,48.165501,48.165501,38.375614,1245.0
2012-09-12,48.253101,48.253101,47.970901,47.970901,38.220566,2200.0
2012-09-13,47.980701,48.0098,47.980701,48.000099,38.243828,433.0
2012-09-14,48.583801,48.583801,47.970901,47.970901,38.220566,1540.0
2012-09-17,47.980701,48.583801,47.970901,47.970901,38.220566,1905.0
2012-09-18,48.000099,49.021599,48.000099,48.6422,38.755417,1116.0
2012-09-19,48.6422,49.002201,48.6422,48.6422,38.755417,762.0
2012-09-20,48.651901,48.739498,48.651901,48.739498,38.832943,10.0
2012-09-21,48.739498,48.739498,48.6422,48.6422,38.755417,144.0
2012-09-24,48.6325,49.070301,48.253101,48.661701,38.770953999999996,440.0
2012-09-25,48.661701,48.661701,48.6422,48.6422,38.755417,389.0
2012-09-26,48.651901,49.128601,48.651901,49.128601,39.142956,953.0
2012-09-27,49.547001,49.547001,49.547001,49.547001,39.476315,173.0
2012-09-28,48.651901,49.0411,48.651901,49.0411,39.073242,216.0
2012-10-01,49.021599,49.537201,48.651901,49.138401,39.150764,1098.0
2012-10-02,49.138401,49.517799,48.827,49.507999,39.445240000000005,161.0
2012-10-03,49.507999,49.547001,49.225899,49.274601000000004,39.259281,1266.0
2012-10-04,49.274601000000004,49.274601000000004,49.138401,49.148102,39.158493,454.0
2012-10-05,49.517799,49.5275,49.138401,49.148102,39.158493,573.0
2012-10-08,49.148102,49.469101,49.128601,49.128601,39.142956,1557.0
2012-10-09,49.2356,49.371798999999996,48.651901,49.362099,39.328995,193.0
2012-10-10,49.35240200000001,49.507999,48.681098999999996,49.498298999999996,39.437508,702.0
2012-10-11,49.498298999999996,49.498298999999996,49.498298999999996,49.498298999999996,39.437508,1.0
2012-10-12,49.498298999999996,49.537201,49.225899,49.537201,39.468502,407.0
2012-10-15,49.537201,50.4711,49.517799,50.4711,40.212585,1822.0
2012-10-16,50.4711,50.4711,49.906898,50.461399,40.204853,1331.0
2012-10-17,50.490601,50.490601,50.4711,50.4809,40.220394,654.0
2012-10-18,50.587897999999996,50.996497999999995,50.587897999999996,50.996497999999995,40.631195,138.0
2012-10-19,50.986801,50.986801,49.780398999999996,50.578201,40.29792,165.0
2012-10-22,50.578201,50.928398,49.809601,50.928398,40.576935,1352.0
2012-10-23,50.578201,50.578201,49.858299,50.442001,40.1894,493.0
2012-10-24,50.442001,50.442001,49.819302,49.829102,39.701077000000005,267.0
2012-10-25,49.829102,50.578201,49.829102,50.568401,40.290112,800.0
2012-10-26,50.558701,50.558701,49.7318,50.5392,40.266846,607.0
2012-10-29,50.529499,50.529499,49.819302,50.1987,39.995552,143.0
2012-10-30,50.1987,50.432201,49.712299,49.712299,39.608013,560.0
2012-10-31,49.722099,50.461399,49.722099,50.461399,40.204853,425.0
2012-11-01,50.461399,50.5392,49.722099,50.5392,40.266846,9.0
2012-11-02,50.529499,50.529499,50.529499,50.529499,40.259109,1.0
2012-11-05,50.519798,50.519798,49.624802,49.624802,39.5383,936.0
2012-11-06,49.653999,50.461399,49.615101,49.712299,39.608013,1173.0
2012-11-07,49.712299,50.451698,49.6637,49.722099,39.615826,913.0
2012-11-08,49.722099,50.451698,49.722099,50.101501,39.91811,14.0
2012-11-09,50.111198,50.2766,50.0042,50.0042,39.840584,167.0
2012-11-12,50.0042,50.403,49.615101,49.6637,39.569294,214.0
2012-11-13,49.6637,50.461399,49.615101,49.7318,39.62355,798.0
2012-11-14,49.615101,50.461399,49.615101,49.6637,39.569294,757.0
2012-11-15,49.673401,50.422501000000004,49.6637,49.722099,39.615826,1026.0
2012-11-16,49.7318,50.2668,49.712299,49.712299,39.608013,482.0
2012-11-19,49.722099,49.974998,49.566399,49.566399,39.491772,656.0
2012-11-20,49.634499,50.442001,49.634499,49.644199,39.553761,959.0
2012-11-21,49.644199,50.442001,49.624802,49.644199,39.553761,477.0
2012-11-22,49.644199,50.432201,49.615101,49.809601,39.685539,161.0
2012-11-23,49.819302,49.955502,49.819302,49.868,39.732067,140.0
2012-11-26,49.868,50.4128,49.868,50.101501,39.91811,1057.0
2012-11-27,50.111198,50.549,50.101501,50.296001000000004,40.073078,469.0
2012-11-28,50.296001000000004,50.549,50.218201,50.393299,40.150597,195.0
2012-11-29,50.500301,50.9673,50.500301,50.6852,40.383167,1706.0
2012-11-30,50.704601000000004,50.850601,49.702599,49.722099,39.615826,1286.0
2012-12-03,50.9673,50.9673,49.809601,50.120899,39.933567,905.0
2012-12-04,50.1306,51.2883,50.1306,50.1987,39.995552,2783.0
2012-12-05,50.1987,51.2202,50.1987,50.587897999999996,40.305645,1181.0
2012-12-06,51.278599,51.278599,50.587897999999996,50.587897999999996,40.305645,356.0
2012-12-07,50.587897999999996,51.317501,50.587897999999996,51.074298999999996,40.69318,698.0
2012-12-10,51.084,51.084,50.305801,50.305801,40.080883,1048.0
2012-12-11,50.782501,51.191101,50.286301,50.6852,40.383167,985.0
2012-12-12,50.6852,51.132702,50.227901,51.132702,40.739715999999994,683.0
2012-12-13,51.132702,51.2202,50.6852,51.2202,40.809428999999994,523.0
2012-12-14,51.23,51.317501,50.8797,51.317501,40.886951,1355.0
2012-12-17,51.2981,51.317501,50.6852,51.074298999999996,40.69318,2158.0
2012-12-18,51.084,51.317501,50.792198,50.8311,40.499409,1742.0
2012-12-19,51.074298999999996,51.366199,50.8311,51.366199,40.925751,1960.0
2012-12-20,51.366199,51.5121,51.366199,51.463501,41.003273,931.0
2012-12-21,51.473202,51.74560200000001,51.463501,51.74560200000001,41.228039,866.0
2012-12-24,51.463501,52.3876,51.463501,51.463501,41.003273,1202.0
2012-12-27,52.3293,52.3293,51.560699,51.560699,41.080719,875.0
2012-12-28,51.570499,52.3293,51.570499,51.628799,41.134975,1402.0
2013-01-02,52.484901,52.922699,51.628799,52.922699,42.165882,1127.0
2013-01-03,53.3605,53.3605,52.027699,53.321602,42.483707,510.0
2013-01-04,53.321602,53.321602,51.979099,53.0686,42.282135,318.0
2013-01-07,52.105499,53.107601,52.047199,53.107601,42.313206,674.0
2013-01-08,52.572497999999996,52.572497999999996,52.076302,52.076302,41.491524,199.0
2013-01-09,52.5336,53.243801,52.416801,52.582198999999996,41.894591999999996,1788.0
2013-01-10,52.582198999999996,52.582198999999996,52.3974,52.3974,41.747353000000004,184.0
2013-01-11,52.095797999999995,52.582198999999996,52.095797999999995,52.582198999999996,41.894591999999996,414.0
2013-01-14,52.582198999999996,52.776798,52.095797999999995,52.095797999999995,41.507053000000006,519.0
2013-01-15,52.095797999999995,52.202801,51.910999,51.910999,41.359814,2129.0
2013-01-16,51.930401,52.5238,51.910999,52.037399,41.460526,338.0
2013-01-17,52.027699,52.027699,51.560699,51.9888,41.421803000000004,1054.0
2013-01-18,51.9888,52.047199,51.560699,52.047199,41.46833400000001,1722.0
2013-01-21,52.514099,52.514099,51.560699,51.5802,41.096256,2869.0
2013-01-22,51.5802,52.494701,51.5802,52.416801,41.762814,428.0
2013-01-23,52.407101000000004,52.407101000000004,51.658001,51.881802,41.336555,441.0
2013-01-24,52.095797999999995,52.436298,52.047199,52.436298,41.778347,332.0
2013-01-25,52.436298,52.835201,52.1152,52.835201,42.096169,1612.0
2013-01-28,52.835201,53.058899,52.212502,52.241699,41.623302,1061.0
2013-01-29,52.241699,53.311901,52.0569,53.263199,42.43718,746.0
2013-01-30,53.263199,53.263199,53.263199,53.263199,42.43718,1.0
2013-01-31,52.630901,52.630901,52.202801,52.202801,41.592304,457.0
2013-02-01,52.202801,52.2612,52.066601,52.066601,41.483791,1734.0
2013-02-04,52.7281,52.7281,51.560699,52.3195,41.685291,2316.0
2013-02-05,52.3195,53.263199,51.74560200000001,53.263199,42.43718,1938.0
2013-02-06,53.25350200000001,53.263199,52.504397999999995,53.263199,42.43718,1271.0
2013-02-07,52.903301,52.903301,51.658001,52.903301,42.150428999999995,24608.0
2013-02-08,52.903301,52.903301,51.7845,52.5336,41.855869,1076.0
2013-02-11,52.621101,52.621101,51.560699,52.339001,41.700825,3040.0
2013-02-12,52.348701,52.5336,52.290401,52.5336,41.855869,310.0
2013-02-13,52.5336,52.854599,52.5238,52.854599,42.111626,1117.0
2013-02-14,52.844898,52.922699,52.844898,52.922699,42.165882,1174.0
2013-02-15,52.922699,53.2146,52.922699,53.2146,42.398449,181.0
2013-02-18,53.311901,53.341,52.630901,53.341,42.499165000000005,1217.0
2013-02-19,53.331299,53.516201,52.6698,53.516201,42.638752000000004,1958.0
2013-02-20,53.749598999999996,53.749598999999996,52.66,53.681499,42.770451,200.0
2013-02-21,53.681499,53.739899,52.582198999999996,53.739899,42.816982,1547.0
2013-02-22,53.730202,53.739899,52.6017,53.4772,42.607681,655.0
2013-02-25,52.689201000000004,53.720501,52.689201000000004,53.720501,42.801525,1734.0
2013-02-26,53.710701,53.720501,53.506401000000004,53.506401000000004,42.630947,541.0
2013-02-27,53.4967,53.4967,53.029701,53.2146,42.398449,372.0
2013-02-28,53.2243,53.730202,53.2243,53.730202,42.809258,72.0
2013-03-01,53.720501,53.730202,53.720501,53.730202,42.809258,188.0
2013-03-04,53.710701,53.720501,53.4189,53.4189,42.56123,330.0
2013-03-05,53.4189,54.3722,53.234001,54.3722,43.320766,1447.0
2013-03-06,54.3722,55.111599,53.234001,53.399399,42.545691999999995,1398.0
2013-03-07,55.150501,55.150501,53.603699,53.603699,42.708465999999994,605.0
2013-03-08,53.623199,55.063,53.623199,54.751701000000004,43.623131,1248.0
2013-03-11,54.829498,55.101898,54.479301,54.771099,43.638588,721.0
2013-03-12,55.150501,55.150501,54.673801,55.111599,43.909882,538.0
2013-03-13,55.0532,55.0532,53.992802000000005,54.333302,43.289772,854.0
2013-03-14,54.333302,54.333302,53.623199,53.798302,42.863514,861.0
2013-03-15,54.333302,54.333302,53.749598999999996,53.807999,42.871246,1124.0
2013-03-18,53.807999,54.333302,53.749598999999996,53.759399,42.83252,326.0
2013-03-19,53.759399,54.333302,53.759399,54.333302,43.289772,1304.0
2013-03-20,54.275002,55.0532,53.846901,55.043499,43.855621,2397.0
2013-03-21,54.965697999999996,54.965697999999996,54.527901,54.527901,43.444817,946.0
2013-03-22,54.537601,55.033798,54.527901,55.033798,43.847893,1310.0
2013-03-25,55.014301,55.014301,54.965697999999996,54.965697999999996,43.793633,468.0
2013-03-26,54.965697999999996,55.043499,54.537601,55.043499,43.855621,319.0
2013-03-27,55.033798,55.4132,54.771099,54.771099,43.638588,1058.0
2013-03-28,54.965697999999996,56.794601,54.819801,56.405499,44.940788,1566.0
2013-04-02,56.0261,56.7752,56.0261,56.4249,44.956245,855.0
2013-04-03,56.522202,56.522202,56.4249,56.522202,45.033768,1018.0
2013-04-04,56.38600200000001,56.619499,56.38600200000001,56.4249,44.956245,505.0
2013-04-05,56.444401,56.9016,56.4249,56.9016,45.336052,1403.0
2013-04-08,56.862701,57.203201,56.444401,56.541698,45.049301,726.0
2013-04-09,56.9114,57.2519,56.9114,57.2519,45.61515,1494.0
2013-04-10,57.2616,60.316299,57.2616,59.333801,47.273899,2700.0
2013-04-11,59.324001,59.324001,57.3978,57.689701,45.963966,1541.0
2013-04-12,57.689701,59.343498,57.3978,59.343498,47.281620000000004,1383.0
2013-04-15,58.701401000000004,58.857101,58.224701,58.857101,46.894085,684.0
2013-04-16,58.662498,58.662498,56.4249,56.814098,45.266331,1158.0
2013-04-17,56.814098,57.777198999999996,56.551398999999996,56.551398999999996,45.05703,145.0
2013-04-18,56.551398999999996,56.551398999999996,54.673801,56.4249,44.956245,3496.0
2013-04-19,56.4249,56.716801000000004,54.673801,54.868401,43.71611,1543.0
2013-04-22,54.878101,57.193501,54.878101,56.814098,45.266331,594.0
2013-04-23,56.823799,57.203201,56.619499,57.193501,45.568619,733.0
2013-04-24,57.3978,58.662498,57.3978,58.069099,46.266247,1170.0
2013-04-25,58.059298999999996,58.069099,57.3978,58.049599,46.250717,669.0
2013-04-26,57.3978,57.3978,56.4347,56.4347,44.96405,948.0
2013-04-29,56.4347,57.3881,56.4347,56.794601,45.250801,814.0
2013-04-30,57.3881,57.3978,55.860699,55.860699,44.506721,1367.0
2013-05-02,55.851002,56.4249,55.851002,55.987202,44.60751,650.0
2013-05-03,55.996899,56.522202,55.695301,56.405499,44.940788,1994.0
2013-05-06,55.948299,55.948299,55.4618,55.4618,44.1889,783.0
2013-05-07,55.500801,56.668201,54.878101,55.063,43.87115900000001,3939.0
2013-05-08,55.169998,55.4132,55.063,55.063,43.871159000000006,876.0
2013-05-09,55.442402,55.442402,55.442402,55.442402,44.173443,5.0
2013-05-10,55.442402,55.442402,55.063,55.374297999999996,44.119186,262.0
2013-05-13,54.965697999999996,55.354801,54.917,55.063,43.871159000000006,299.0
2013-05-14,55.169998,55.354801,55.063,55.2575,44.026127,978.0
2013-05-15,55.2673,55.2673,54.965697999999996,54.965697999999996,43.793633,780.0
2013-05-16,54.965697999999996,55.4035,54.965697999999996,55.160301000000004,43.948677,1102.0
2013-05-17,55.160301000000004,55.160301000000004,54.732201,54.751701000000004,43.623131,2532.0
2013-05-20,54.965697999999996,55.2575,54.965697999999996,55.179699,43.964141999999995,1377.0
2013-05-21,55.179699,55.919102,55.179699,55.919102,44.55325300000001,3987.0
2013-05-22,55.5494,56.2304,55.5494,55.7537,44.421471000000004,1240.0
2013-05-23,55.7537,55.7537,55.452099,55.452099,44.181171,1899.0
2013-05-24,55.1894,56.133099,55.1894,55.948299,44.576515,3636.0
2013-05-27,55.442402,55.646702000000005,55.2575,55.646702000000005,44.336220000000004,2794.0
2013-05-28,55.841301,55.841301,55.452099,55.588299,44.289688,958.0
2013-05-29,55.500801,55.977501000000004,54.7225,54.7225,43.599865,2337.0
2013-05-30,55.072701,55.452099,54.7225,54.965697999999996,43.793633,1882.0
2013-05-31,54.965697999999996,55.5494,54.878101,54.9949,43.816897999999995,1244.0
2013-06-03,55.452099,55.977501000000004,54.975398999999996,54.975398999999996,43.801361,1258.0
2013-06-04,54.9851,55.928799,54.975398999999996,55.928799,44.56097800000001,489.0
2013-06-05,55.831501,55.831501,55.5494,55.7342,44.40593,804.0
2013-06-06,55.6856,55.695301,55.510502,55.695301,44.374939000000005,577.0
2013-06-07,55.452099,56.006599,54.479301,54.7225,43.599865,2260.0
2013-06-10,55.452099,55.452099,53.99280200000001,53.99280200000001,43.018482,2157.0
2013-06-11,55.422901,55.422901,52.971401,52.971401,42.204685,1867.0
2013-06-12,52.971401,54.002602,52.1833,53.934502,42.972031,2647.0
2013-06-13,53.516201,54.819801,53.516201,53.99280200000001,43.018482,1397.0
2013-06-14,53.99280200000001,55.6856,53.99280200000001,53.99280200000001,43.018482,3689.0
2013-06-17,54.002602,55.063,53.99280200000001,54.4501,43.382832,2475.0
2013-06-18,54.4403,55.004601,53.555099,54.459801,43.39056400000001,2183.0
2013-06-19,54.459801,55.033798,53.555099,55.033798,43.847893,2024.0
2013-06-20,55.043499,55.442402,53.516201,54.975398999999996,43.801361,1957.0
2013-06-21,54.664101,54.664101,52.5336,54.479301,43.406096999999995,1739.0
2013-06-24,54.7225,54.7225,52.5336,52.5336,41.855869,3614.0
2013-06-25,54.430599,54.430599,53.506401000000004,53.506401000000004,42.630947,790.0
2013-06-26,53.506401000000004,55.1992,53.506401000000004,55.063,43.87115900000001,1097.0
2013-06-27,54.7127,55.452099,54.138802,54.7225,43.599865,1809.0
2013-06-28,50.918701,53.195099,50.918701,52.134701,43.86253,5352.0
2013-07-01,52.5336,52.7281,51.8526,51.8526,43.625191,2330.0
2013-07-02,52.543301,53.02,52.339001,53.02,44.607361,1285.0
2013-07-03,53.02,53.5453,51.560699,51.560699,43.379608000000005,2824.0
2013-07-04,52.436298,52.922699,51.969299,52.241699,43.952557,37912.0
2013-07-05,52.2514,52.971401,51.949902,51.949902,43.707054,771.0
2013-07-08,52.0569,52.144402,51.317501,51.4245,43.265015000000005,2494.0
2013-07-09,51.4245,51.940102,50.8311,50.840801,42.773933,1925.0
2013-07-10,50.850601,51.1716,50.8311,50.8311,42.76577,1508.0
2013-07-11,50.840801,51.463501,50.840801,50.9576,42.8722,4144.0
2013-07-12,50.9576,52.912997999999995,50.8895,51.113201000000004,43.003116999999996,1009.0
2013-07-15,51.064602,51.7845,51.064602,51.414799,43.25685900000001,357.0
2013-07-16,51.570499,53.0005,51.570499,52.825401,44.443634,1482.0
2013-07-17,52.835201,53.895599,52.835201,53.895599,45.344028,1118.0
2013-07-18,53.885799,55.354801,52.883801,55.354801,46.571701000000004,2951.0
2013-07-19,55.063,55.063,53.263199,54.956001,46.236176,1338.0
2013-07-22,54.8587,54.897597999999995,54.479301,54.897597999999995,46.187042,510.0
2013-07-23,54.761398,54.771099,53.652401,53.652401,45.13942,795.0
2013-07-24,53.652401,54.382,53.652401,54.090099,45.507668,1204.0
2013-07-25,54.099899,54.673801,53.99280200000001,54.498699,45.851433,1882.0
2013-07-26,53.701,54.965697999999996,53.701,54.965697999999996,46.244331,2505.0
2013-07-29,54.3722,54.382,53.623199,54.138802,45.548640999999996,236.0
2013-07-30,54.138802,54.430599,53.603699,53.701,45.180309,1512.0
2013-07-31,53.720501,53.992802000000005,52.8741,53.2729,44.820129,2249.0
2013-08-01,53.2729,54.479301,53.2729,53.525902,45.032993,1264.0
2013-08-02,53.535599,54.275002,53.525902,53.525902,45.032993,118.0
2013-08-05,53.6134,54.479301,53.506401000000004,53.99280200000001,45.425812,1449.0
2013-08-06,53.992802000000005,54.236,53.720501,53.798302,45.262169,335.0
2013-08-07,53.798302,54.469501,53.506401000000004,53.992802000000005,45.425812,4083.0
2013-08-08,53.992802000000005,55.3451,53.992802000000005,55.3451,46.563538,3336.0
2013-08-09,54.5765,55.2575,54.479301,55.2575,46.489834,1247.0
2013-08-12,55.306197999999995,55.8218,54.683601,55.452099,46.653560999999996,2219.0
2013-08-13,55.452099,55.831501,54.693298,55.802299,46.948192999999996,1885.0
2013-08-14,55.452099,55.792598999999996,55.452099,55.792598999999996,46.940033,974.0
2013-08-15,55.792598999999996,55.812098999999996,55.792598999999996,55.812098999999996,46.95644,22.0
2013-08-16,55.452099,55.8218,55.354801,55.354801,46.571701000000004,1486.0
2013-08-19,55.364601,55.782902,55.082401000000004,55.4035,46.612675,3164.0
2013-08-20,55.4035,55.5397,55.014301,55.354801,46.571701000000004,854.0
2013-08-21,55.296501,55.3451,54.965697999999996,54.965697999999996,46.244331,983.0
2013-08-22,54.965697999999996,55.5397,54.887901,55.452099,46.653560999999996,637.0
2013-08-23,55.452099,55.452099,55.452099,55.452099,46.653560999999996,1.0
2013-08-26,55.5397,55.5397,54.771099,55.2575,46.489834,1689.0
2013-08-27,55.2575,55.452099,54.479301,55.1213,46.375252,1507.0
2013-08-28,54.868401,55.111599,54.498699,55.0532,46.317955,393.0
2013-08-29,55.0532,55.0532,53.6134,53.6134,45.106606,1438.0
2013-08-30,53.6134,53.6134,52.5336,52.5336,44.198135,2410.0
2013-09-02,52.5336,53.506401000000004,52.339001,53.165901,44.730109999999996,1121.0
2013-09-03,53.175701000000004,53.701,53.175701000000004,53.311901,44.852947,800.0
2013-09-04,53.467499,53.759399,53.117298,53.117298,44.689217,3168.0
2013-09-05,53.126999,53.730202,52.5336,52.5919,44.247184999999995,609.0
2013-09-06,52.689201000000004,53.691299,52.630901,53.457802,44.975693,1496.0
2013-09-09,53.457802,53.584301,53.02,53.516201,45.02483,1481.0
2013-09-10,53.8372,53.944199,53.185398,53.195099,44.754673,1548.0
2013-09-11,53.2729,53.311901,52.0569,52.0569,43.797077,6825.0
2013-09-12,52.095797999999995,52.718399,52.076302,52.086102000000004,43.82164,813.0
2013-09-13,52.3876,52.426601,52.1152,52.1152,43.846123,1456.0
2013-09-16,52.630901,53.311901,52.339001,53.311901,44.852947,1855.0
2013-09-17,53.2924,53.2924,52.5336,52.5336,44.198135,1906.0
2013-09-18,52.5336,53.2729,52.5336,52.582198999999996,44.239025,1498.0
2013-09-19,52.582198999999996,53.2924,52.572497999999996,52.922699,44.525501,1303.0
2013-09-20,52.8741,53.311901,52.8741,53.311901,44.852947,1700.0
2013-09-23,53.302101,53.311901,52.8741,52.8741,44.484612,806.0
2013-09-24,53.311901,53.311901,52.8741,52.8741,44.484612,422.0
2013-09-25,52.893501,53.311901,52.893501,53.311901,44.852947,808.0
2013-09-26,52.903301,53.506401000000004,52.903301,53.506401000000004,45.016582,1909.0
2013-09-27,53.516201,53.934502,53.506401000000004,53.934502,45.376759,777.0
2013-09-30,53.934502,53.934502,52.5336,52.5336,44.198135,4717.0
2013-10-01,52.640598,53.4091,52.290401,53.4091,44.934723,1503.0
2013-10-02,53.263199,54.479301,53.263199,53.535599,45.041149,2865.0
2013-10-03,53.535599,54.459801,53.506401000000004,54.411201,45.777821,2797.0
2013-10-04,54.401402000000004,54.411201,53.99280200000001,54.411201,45.777821,215.0
2013-10-07,53.467499,54.479301,53.467499,54.002602,45.434055,2369.0
2013-10-08,54.469501,54.469501,53.5453,53.5453,45.049313,762.0
2013-10-09,53.5453,53.662102000000004,53.5453,53.5453,45.049313,346.0
2013-10-10,53.652401,53.662102000000004,53.4091,53.4091,44.934723,2211.0
2013-10-11,53.4091,53.584301,53.029701,53.029701,44.615524,1326.0
2013-10-14,53.506401000000004,53.506401000000004,53.117298,53.126999,44.697379999999995,998.0
2013-10-15,53.1367,53.652401,53.117298,53.603699,45.098442,981.0
2013-10-16,53.117298,53.574501,53.117298,53.506401000000004,45.016582,1746.0
2013-10-17,53.642601,53.652401,53.321602,53.4091,44.934723,1328.0
2013-10-18,53.506401000000004,53.671799,53.1367,53.2048,44.762836,10982.0
2013-10-21,53.506401000000004,53.691299,53.506401000000004,53.691299,45.172146000000005,1167.0
2013-10-22,53.603699,53.701,53.117298,53.623199,45.114853000000004,2351.0
2013-10-23,53.623199,54.1777,53.506401000000004,53.506401000000004,45.016582,1777.0
2013-10-24,53.506401000000004,54.275002,53.506401000000004,54.275002,45.663231,1233.0
2013-10-25,54.226299,54.236,53.739899,53.739899,45.213032,1164.0
2013-10-28,53.7691,54.284698,53.7691,53.99280200000001,45.425812,367.0
2013-10-29,54.021999,54.284698,53.759399,54.284698,45.671391,922.0
2013-10-30,54.265202,54.284698,53.798302,54.216599,45.614098,623.0
2013-10-31,54.216599,54.284698,54.002602,54.284698,45.671391,299.0
2013-11-01,54.265202,54.265202,54.265202,54.265202,45.654987,1.0
2013-11-04,54.265202,54.965697999999996,53.7691,54.965697999999996,46.244331,966.0
2013-11-05,54.956001,54.956001,54.197102,54.829498,46.129749,1456.0
2013-11-06,54.829498,55.374297999999996,54.800301,55.364601,46.579948,1396.0
2013-11-07,55.3451,55.452099,54.868401,55.452099,46.653560999999996,2566.0
2013-11-08,55.432701,55.919102,55.014301,55.919102,47.046467,1446.0
2013-11-11,55.4618,55.4618,55.092201,55.169998,46.416222,393.0
2013-11-12,55.169998,55.6661,54.479301,54.5084,45.859596,2180.0
2013-11-13,54.5084,54.936501,54.5084,54.936501,46.219772,137.0
2013-11-14,54.333302,54.907299,54.333302,54.907299,46.195206,612.0
2013-11-15,54.5765,55.160301000000004,54.401402000000004,55.160301000000004,46.408062,1310.0
2013-11-18,55.4035,55.452099,54.965697999999996,55.160301000000004,46.408062,594.0
2013-11-19,55.2575,55.2575,54.479301,54.479301,45.835114000000004,1904.0
2013-11-20,54.488997999999995,55.422901,54.488997999999995,55.4035,46.612675,616.0
2013-11-21,55.4035,55.452099,54.965697999999996,55.452099,46.653560999999996,1142.0
2013-11-22,55.432701,55.452099,54.965697999999996,55.024101,46.293476,864.0
2013-11-25,55.024101,55.024101,55.024101,55.024101,46.293476,1.0
2013-11-26,55.024101,55.578602000000004,55.024101,55.442402,46.645401,3897.0
2013-11-27,55.452099,55.928799,54.975398999999996,55.928799,47.054623,3817.0
2013-11-28,56.133099,56.4249,55.743999,55.743999,46.899147,1632.0
2013-11-29,55.7537,56.415199,55.743999,56.415199,47.463848,961.0
2013-12-02,56.327702,56.8335,56.035801,56.619499,47.635727,4662.0
2013-12-03,56.609798,56.609798,55.646702000000005,55.899601000000004,47.030056,5209.0
2013-12-04,55.64670200000001,56.376301,54.965697999999996,54.965697999999996,46.244331,3441.0
2013-12-05,54.965697999999996,55.432701,54.956001,54.956001,46.236176,1051.0
2013-12-06,54.975398999999996,55.928799,54.488997999999995,55.452099,46.653560999999996,1486.0
2013-12-09,55.452099,56.327702,54.596001,56.317902000000004,47.381985,703.0
2013-12-10,55.500801,56.4249,55.500801,56.415199,47.463848,2677.0
2013-12-11,56.3666,56.376301,56.2304,56.2304,47.308369,231.0
2013-12-12,56.327702,56.376301,54.9851,55.695301,46.858173,6486.0
2013-12-13,56.3666,56.3666,55.782902,56.2304,47.308369,2578.0
2013-12-16,55.452099,56.376301,55.442402,55.938499,47.062782,3346.0
2013-12-17,55.938499,56.376301,55.841301,55.841301,46.98101,1495.0
2013-12-18,55.6856,55.8899,55.1311,55.8899,47.0219,1120.0
2013-12-19,55.743999,56.278999,55.743999,55.802299,46.948192999999996,1587.0
2013-12-20,55.802299,56.376301,55.802299,55.8899,47.0219,2284.0
2013-12-23,56.035801,56.4249,55.101898,55.938499,47.062782,5293.0
2013-12-24,55.938499,55.938499,55.306197999999995,55.4618,46.66172,1062.0
2013-12-27,55.64670200000001,55.938499,55.033798,55.033798,46.301628,2337.0
2013-12-30,55.033798,55.432701,54.673801,54.975398999999996,46.252502,898.0
2013-12-31,55.442402,55.442402,54.7808,54.7808,46.088776,3134.0
2014-01-02,54.975398999999996,55.4035,54.206902,55.033798,46.301628,828.0
2014-01-03,55.033798,55.238098,54.936501,55.238098,46.473515,1884.0
2014-01-06,55.063,55.452099,55.063,55.3451,46.563538,3264.0
2014-01-07,55.452099,55.452099,54.537601,54.7225,46.039726,2033.0
2014-01-08,54.771099,55.306197999999995,54.7225,55.296501,46.522652,3730.0
2014-01-09,55.306197999999995,55.306197999999995,54.965697999999996,55.306197999999995,46.530807,1336.0
2014-01-10,55.452099,55.452099,54.965697999999996,55.2575,46.489834,1422.0
2014-01-13,55.2575,55.306197999999995,54.771099,55.2575,46.489834,2429.0
2014-01-14,55.150501,55.150501,54.771099,54.771099,46.080612,2798.0
2014-01-15,54.761398,54.761398,54.284698,54.284698,45.671391,2054.0
2014-01-16,54.284698,54.382,53.992802000000005,54.226299,45.622257,4155.0
2014-01-17,53.311901,54.148499,53.311901,53.506401000000004,45.016582,1568.0
2014-01-20,53.506401000000004,54.187401,53.506401000000004,54.187401,45.589531,4708.0
2014-01-21,54.080399,54.080399,52.786499,52.786499,44.410911999999996,5429.0
2014-01-22,52.786499,53.8372,52.679501,53.798302,45.262169,2190.0
2014-01-23,53.798302,53.8372,52.9422,53.2146,44.771084,3322.0
2014-01-24,53.2146,53.603699,53.2146,53.243801,44.79565,729.0
2014-01-27,53.243801,53.506401000000004,52.835201,52.844898,44.460041,3108.0
2014-01-28,52.844898,53.506401000000004,52.844898,53.165901,44.730109999999996,658.0
2014-01-29,53.165901,53.555099,52.844898,52.844898,44.460041,750.0
2014-01-30,52.854599,53.525902,52.825401,52.9519,44.550064,2846.0
2014-01-31,53.701,53.701,53.0686,53.2924,44.836535999999995,1775.0
2014-02-03,53.2924,53.691299,53.0686,53.2146,44.771084,1683.0
2014-02-04,53.506401000000004,54.080399,53.165901,54.080399,45.499508,12404.0
2014-02-05,53.4967,53.992802000000005,53.263199,53.263199,44.811974,1745.0
2014-02-06,53.263199,54.090099,53.263199,54.090099,45.507668,710.0
2014-02-07,54.080399,54.391701,54.051201,54.391701,45.761414,2068.0
2014-02-10,54.391701,54.430599,54.002602,54.430599,45.79414000000001,2588.0
2014-02-11,54.430599,54.800301,53.983101,54.479301,45.835114000000004,4763.0
2014-02-12,54.459801,54.810001,54.236,54.236,45.63042100000001,1572.0
2014-02-13,54.5765,54.8587,54.265202,54.810001,46.113341999999996,541.0
2014-02-14,54.810001,54.956001,54.459801,54.459801,45.818714,631.0
2014-02-17,54.479301,55.3937,54.479301,54.907299,46.195206,2621.0
2014-02-18,54.917,55.452099,54.819801,55.452099,46.653560999999996,3067.0
2014-02-19,55.432701,55.987202,54.829498,55.987202,47.10376,1372.0
2014-02-20,55.987202,56.376301,55.695301,55.938499,47.062782,673.0
2014-02-21,56.376301,56.376301,55.743999,55.938499,47.062782,1427.0
2014-02-24,55.938499,56.3666,55.568901000000004,56.123402,47.218346000000004,2284.0
2014-02-25,55.841301,56.405499,55.841301,55.987202,47.10376,2974.0
2014-02-26,55.996899,57.154598,55.987202,56.386002000000005,47.439278,7895.0
2014-02-27,56.386002000000005,57.154598,56.386002000000005,56.590302,47.611164,1495.0
2014-02-28,56.590302,57.1059,56.590302,57.057301,48.004063,1193.0
2014-03-03,55.996899,56.814098,55.958,56.0261,47.136482,3416.0
2014-03-04,56.0261,57.135101,55.958,56.278999,47.349258,3065.0
2014-03-05,56.288799,56.882197999999995,56.288799,56.882197999999995,47.856747,177.0
2014-03-06,57.096199,57.144901000000004,56.658401,56.814098,47.79945,1324.0
2014-03-07,56.716801000000004,56.716801000000004,56.619499,56.716801000000004,47.71759,247.0
2014-03-10,56.609798,56.9016,56.327702,56.9016,47.87307,2605.0
2014-03-11,56.853001,56.9016,56.4249,56.493,47.529301000000004,692.0
2014-03-12,56.853001,56.853001,56.4249,56.716801000000004,47.71759,391.0
2014-03-13,56.9114,56.9114,56.532001,56.716801000000004,47.71759,1334.0
2014-03-14,56.4249,56.5709,56.240101,56.4249,47.472008,1380.0
2014-03-17,56.522202,58.020401,56.522202,58.020401,48.814353999999994,8032.0
2014-03-18,58.020401,58.37060200000001,56.4249,56.4249,47.472008,3328.0
2014-03-19,56.677898,57.2421,56.522202,56.600101,47.619411,1320.0
2014-03-20,56.814098,56.814098,56.473597999999996,56.473597999999996,47.512980999999996,562.0
2014-03-21,56.814098,57.3881,56.4249,56.4347,47.480255,2383.0
2014-03-24,56.444401,57.154598,56.444401,56.726501,47.725753999999995,921.0
2014-03-25,56.9114,57.008701,56.6292,56.7071,47.709431,734.0
2014-03-26,56.619499,56.814098,56.4249,56.668201,47.676704,1737.0
2014-03-27,56.5709,56.9016,56.5709,56.716801000000004,47.71759,916.0
2014-03-28,56.716801000000004,56.862701,56.4249,56.7654,47.758476,1082.0
2014-03-31,56.7654,57.32,56.619499,57.32,48.225082,1474.0
2014-04-01,57.32,57.3978,57.32,57.349201,48.249653,2663.0
2014-04-02,57.3297,57.3297,56.600101,56.736301,47.734001,1345.0
2014-04-03,56.736301,56.9114,55.938499,56.862701,47.840343,3042.0
2014-04-04,56.4249,56.668201,55.938499,55.938499,47.062782,1516.0
2014-04-07,55.958,56.0261,55.938499,55.938499,47.062782,676.0
2014-04-08,55.948299,56.668201,55.938499,56.4249,47.472008,5628.0
2014-04-09,56.4249,56.823799,56.386002000000005,56.4249,47.472008,1610.0
2014-04-10,56.4249,56.716801000000004,56.133099,56.133099,47.226509,1090.0
2014-04-11,56.142799,56.4249,56.133099,56.4249,47.472008,1162.0
2014-04-14,56.4249,56.4249,55.938499,55.987202,47.10376,2724.0
2014-04-15,55.938499,55.938499,55.4716,55.938499,47.062782,840.0
2014-04-16,55.919102,55.919102,55.4618,55.841301,46.98101,852.0
2014-04-17,55.841301,55.841301,55.452099,55.8218,46.9646,1734.0
2014-04-22,55.841301,55.938499,55.4618,55.928799,47.054623,3012.0
2014-04-23,55.938499,56.133099,55.510502,55.938499,47.062782,3487.0
2014-04-24,56.133099,56.133099,55.452099,56.133099,47.226509,1939.0
2014-04-25,56.123402,56.181702,55.5494,56.035801,47.14465,2098.0
2014-04-28,56.0261,56.084499,55.958,56.074699,47.177372,480.0
2014-04-29,56.064999,56.064999,55.928799,55.928799,47.054623,1274.0
2014-04-30,55.919102,55.938499,55.2575,55.452099,46.653560999999996,3266.0
2014-05-02,55.452099,55.452099,55.442402,55.442402,46.645401,1644.0
2014-05-05,55.452099,55.5397,55.442402,55.442402,46.645401,1780.0
2014-05-06,55.452099,55.928799,55.2673,55.928799,47.054623,1937.0
2014-05-07,55.919102,55.938499,55.7537,55.7537,46.907307,2462.0
2014-05-08,55.743999,56.4249,55.743999,56.181702,47.267399,2865.0
2014-05-09,56.181702,56.249802,56.181702,56.220698999999996,47.300209,737.0
2014-05-12,56.619499,56.9114,56.454102,56.454102,47.496574,2426.0
2014-05-13,56.454102,56.9114,56.454102,56.716801000000004,47.71759,1542.0
2014-05-14,56.726501,56.9114,56.716801000000004,56.716801000000004,47.71759,3566.0
2014-05-15,56.9114,58.108002,56.9114,57.884201000000004,48.69976,9507.0
2014-05-16,57.981499,59.255901,57.981499,58.6138,49.313598999999996,4537.0
2014-05-19,59.148899,59.343498,58.857101,58.857101,49.518295,3380.0
2014-05-20,58.857101,59.324001,58.662498,58.662498,49.354572,2060.0
2014-05-21,58.6819,58.993301,58.370602000000005,58.497101,49.215416,1377.0
2014-05-22,58.506802,59.314301,58.506802,58.516602,49.231823,1730.0
2014-05-23,58.565201,59.148899,57.991199,57.991199,48.789783,4986.0
2014-05-26,59.0905,59.0905,57.903702,58.662498,49.354572,1512.0
2014-05-27,59.129501,59.187801,58.467898999999996,59.187801,49.796524,5901.0
2014-05-28,59.178101,59.9272,58.857101,59.5089,50.066669,2832.0
2014-05-29,59.538101,59.8591,59.538101,59.8591,50.361305,73.0
2014-05-30,59.8591,59.8591,59.6353,59.6353,50.173016,108.0
2014-06-02,59.9272,60.792999,59.6353,60.792999,51.147022,2136.0
2014-06-03,60.783297999999995,60.8027,59.888302,60.8027,51.155186,1324.0
2014-06-04,60.5984,60.5984,59.829899,59.878601,50.377712,27536.0
2014-06-05,59.897999,60.890301,59.897999,60.8027,51.155186,3278.0
2014-06-06,60.8027,61.7659,60.705502,60.822201,51.171589000000004,2317.0
2014-06-09,61.444801,61.444801,61.230801,61.230801,51.515358,343.0
2014-06-10,61.240501,61.7659,60.909801,61.7659,51.965557000000004,2643.0
2014-06-11,61.7756,61.7756,61.2892,61.2892,51.564495,238.0
2014-06-12,61.2794,61.4837,60.900002,60.900002,51.237049,985.0
2014-06-13,60.909801,61.269698999999996,60.7346,60.7346,51.097893,1646.0
2014-06-16,60.7346,61.4254,60.559502,61.2892,51.564495,1738.0
2014-06-17,61.2794,61.7659,60.9487,60.997299,51.31890900000001,814.0
2014-06-18,61.2892,62.262001,60.968102,61.727001,51.932827,2445.0
2014-06-19,62.262001,62.699799,61.678298999999996,61.931301,52.104713000000004,2843.0
2014-06-20,61.931301,62.154999,61.7756,61.785301000000004,51.981876,3039.0
2014-06-23,61.795101,62.154999,61.795101,61.9702,52.137444,550.0
2014-06-24,61.9702,62.0383,61.007,61.007,51.327068,2800.0
2014-06-25,61.0168,61.950699,60.6082,61.872898,52.055572999999995,2974.0
2014-06-26,61.7659,61.7756,61.026501,61.2892,51.564495,1109.0
2014-06-27,61.2892,61.853401,61.104301,61.853401,52.039173,4700.0
2014-06-30,61.853401,62.5247,61.746399,62.5247,52.603958,2606.0
2014-07-01,61.298901,62.9333,61.298901,62.913799,52.931316,1403.0
2014-07-02,62.835999,64.1007,62.048,63.234901,53.201468999999996,5970.0
2014-07-03,63.186199,64.937302,62.651199,63.721298,53.610691,4985.0
2014-07-04,64.888702,64.888702,63.380798,64.20770300000001,54.01991999999999,3791.0
2014-07-07,64.20770300000001,64.20770300000001,62.359299,64.20770300000001,54.01991999999999,2855.0
2014-07-08,62.271801,62.962502,61.046001000000004,61.872898,54.606998,3944.0
2014-07-09,61.853401,61.853401,60.8027,61.046001000000004,53.87720899999999,2434.0
2014-07-10,61.571301,61.571301,60.851397999999996,61.2794,54.083199,1804.0
2014-07-11,61.2794,61.2892,60.822201,60.822201,53.679688,993.0
2014-07-14,60.831902,61.7756,60.287102000000004,60.792999,53.653912,4788.0
2014-07-15,61.2794,61.2794,59.8396,60.851397999999996,53.705459999999995,980.0
2014-07-16,60.851397999999996,61.2794,60.851397999999996,61.1432,53.962993999999995,683.0
2014-07-17,61.2794,61.2892,60.413601,60.8027,53.662476,1740.0
2014-07-18,61.2794,61.2794,60.8027,60.8027,53.662476,1155.0
2014-07-21,60.8125,60.8125,60.8125,60.8125,53.671127,1.0
2014-07-22,61.036201,61.036201,60.423302,60.6082,53.490818000000004,1688.0
2014-07-23,60.900002,61.2794,60.8027,60.8027,53.662476,2163.0
2014-07-24,60.8027,60.851397999999996,60.462299,60.472,53.370613,2350.0
2014-07-25,60.8027,60.8027,60.316299,60.316299,53.233192,6955.0
2014-07-28,59.878601,61.094601000000004,59.878601,61.094601000000004,53.920101,2115.0
2014-07-29,61.0849,61.094601000000004,60.121798999999996,60.121798999999996,53.061535,1290.0
2014-07-30,60.121798999999996,60.559502,59.9272,60.559502,53.447838,938.0
2014-07-31,60.559502,60.559502,59.878601,59.878601,52.846897,1380.0
2014-08-01,60.326099,60.326099,59.615898,59.8591,52.829689,1449.0
2014-08-04,59.6353,60.024502000000005,59.343498,59.343498,52.374634,1983.0
2014-08-05,,,,,,
2014-08-06,59.528301,59.528301,59.246201,59.343498,52.374634,1955.0
2014-08-07,59.343498,59.528301,59.343498,59.343498,52.374634,1122.0
2014-08-08,59.246201,59.343498,59.246201,59.246201,52.28876500000001,2526.0
2014-08-11,59.275397999999996,59.392101000000004,59.246201,59.255901,52.297321000000004,1060.0
2014-08-12,59.265701,59.538101,59.265701,59.392101000000004,52.417526,3133.0
2014-08-13,59.4408,59.538101,59.392101000000004,59.538101,52.546383,1733.0
2014-08-14,59.479698,59.538101,59.255901,59.538101,52.546383,2499.0
2014-08-15,59.5186,59.5186,59.275397999999996,59.275397999999996,52.314529,364.0
2014-08-18,59.343498,59.489399,59.255901,59.343498,52.374634,1612.0
2014-08-19,59.343498,59.489399,59.246201,59.343498,52.374634,1889.0
2014-08-20,59.479698,59.489399,59.246201,59.2948,52.331654,2467.0
2014-08-21,59.246201,59.343498,58.876499,59.148899,52.202888,2047.0
2014-08-22,59.148899,59.148899,58.905701,59.0905,52.151344,3273.0
2014-08-25,59.080799,59.0905,58.905701,58.905701,51.988246999999994,1534.0
2014-08-26,59.2365,59.479698,59.1586,59.1586,52.211449,1943.0
2014-08-27,59.1586,59.489399,59.110001000000004,59.343498,52.374634,1827.0
2014-08-28,59.343498,59.489399,59.343498,59.343498,52.374634,689.0
2014-08-29,59.343498,60.277401,59.343498,59.5089,52.520610999999995,5124.0
2014-09-01,59.732601,59.732601,59.5186,59.596401,52.597836,2035.0
2014-09-02,59.4505,60.2677,59.4408,60.2677,53.19030400000001,4274.0
2014-09-03,60.257999,60.257999,59.9077,60.170398999999996,53.10443100000001,2385.0
2014-09-04,60.160702,60.316299,59.820202,59.8396,52.812473,4892.0
2014-09-05,59.4505,60.2677,59.4505,60.073101,53.018555000000006,2038.0
2014-09-08,60.296902,60.316299,59.9272,59.9272,52.889790000000005,3011.0
2014-09-09,59.9758,60.034199,59.343498,59.5867,52.589275,4334.0
2014-09-10,59.3629,59.596401,59.343498,59.343498,52.374634,1780.0
2014-09-11,59.5867,60.5401,59.343498,59.732601,52.71804,3538.0
2014-09-12,60.5401,60.997299,60.287102000000004,60.3358,53.25040799999999,22914.0
2014-09-15,61.240501,61.240501,59.9272,59.9272,52.889790000000005,1994.0
2014-09-16,59.9272,60.316299,59.810501,59.810501,52.786797,1361.0
2014-09-17,59.829899,60.248199,59.343498,59.343498,52.374634,2245.0
2014-09-18,59.353199,59.7813,59.343498,59.6548,52.64938000000001,879.0
2014-09-19,59.4505,60.160702,59.343498,59.820202,52.795356999999996,6043.0
2014-09-22,59.829899,60.112,59.343498,59.557499,52.563503000000004,2125.0
2014-09-23,59.538101,60.121798999999996,59.460201,60.121798999999996,53.061535,2196.0
2014-09-24,60.121798999999996,60.9487,59.829899,60.9487,53.791336,2987.0
2014-09-25,60.9487,61.191897999999995,59.8396,60.316299,53.233192,2133.0
2014-09-26,60.316299,61.094601000000004,59.946701000000004,59.966099,52.924122,1521.0
2014-09-29,60.277401,60.316299,59.9758,59.9856,52.94133000000001,2867.0
2014-09-30,59.9758,60.316299,59.829899,59.829899,52.803917000000006,3400.0
2014-10-01,59.8396,60.1996,59.6548,59.9953,52.94989,2825.0
2014-10-02,60.024502000000005,60.024502000000005,59.791,60.005001,52.958454,1598.0
2014-10-03,60.005001,60.316299,59.946701000000004,59.9953,52.94989,1310.0
2014-10-06,59.9856,60.02450200000001,59.6353,59.829899,52.80391700000001,1820.0
2014-10-07,60.014801,60.014801,59.683997999999995,59.878601,52.846897,726.0
2014-10-08,59.868801,59.868801,59.6353,59.6353,52.63216800000001,3446.0
2014-10-09,59.6353,59.6353,59.6353,59.6353,52.63216800000001,2368.0
2014-10-10,59.6353,59.6353,59.343498,59.4408,52.46051,4217.0
2014-10-13,58.876499,59.6353,58.857101,59.625599,52.623608,2859.0
2014-10-14,58.857101,59.382401,58.6138,59.382401,52.408970000000004,2615.0
2014-10-15,59.547798,59.732601,59.343498,59.343498,52.374634,2372.0
2014-10-16,59.343498,59.538101,58.6138,58.6236,51.739277,4509.0
2014-10-17,58.633301,59.489399,58.633301,59.489399,52.503403000000006,2499.0
2014-10-20,59.4408,59.557499,59.343498,59.343498,52.374634,1512.0
2014-10-21,59.343498,61.863201000000004,59.343498,60.695702000000004,53.568043,3602.0
2014-10-22,60.705502,61.0849,60.413601,61.046001000000004,53.87720899999999,2343.0
2014-10-23,61.036201,61.4837,61.036201,61.191897999999995,54.005974,3550.0
2014-10-24,61.201599,63.225101,61.191897999999995,63.215401,55.791847,4084.0
2014-10-27,63.1959,63.1959,62.466301,62.466301,55.130718,943.0
2014-10-28,63.030602,63.701801,62.894402,63.575401,56.109573,3514.0
2014-10-29,63.711601,63.721298,63.234901,63.721298,56.238335,1892.0
2014-10-30,63.711601,63.711601,62.816502,63.186199,55.766075,917.0
2014-10-31,63.176497999999995,63.176497999999995,62.271801,63.1376,55.723186,1199.0
2014-11-03,62.310699,63.9645,62.310699,63.915901,56.410088,1963.0
2014-11-04,63.906101,64.60659799999999,63.6726,64.60659799999999,57.019676000000004,1688.0
2014-11-05,64.616302,65.949097,64.49960300000001,65.9394,58.195961,2852.0
2014-11-06,63.984001,65.083298,63.984001,64.752502,57.148444999999995,520.0
2014-11-07,63.984001,65.083298,63.984001,64.752502,57.148444999999995,1023.0
2014-11-10,64.596802,65.083298,64.412003,64.742798,57.139881,2695.0
2014-11-11,64.733002,64.742798,64.412003,64.5774,56.993904,1056.0
2014-11-12,64.742798,64.976196,64.022903,64.20770300000001,56.667618000000004,858.0
2014-11-13,64.976196,65.083298,64.0131,64.4412,56.873695,3103.0
2014-11-14,64.49960300000001,66.153397,64.178497,66.10479699999999,58.341933999999995,3467.0
2014-11-17,65.268097,66.153397,63.9645,65.102699,57.45751600000001,3669.0
2014-11-18,65.083298,66.542503,64.489799,66.153397,58.384827,5749.0
2014-11-19,66.153397,66.542503,65.764297,66.396599,58.599468,3219.0
2014-11-20,66.386902,66.630096,65.404297,66.153397,58.384827,2411.0
2014-11-21,66.1437,66.591202,65.667,66.153397,58.384827,1677.0
2014-11-24,66.620399,67.50569899999999,66.4161,67.126198,59.243389,3608.0
2014-11-25,67.126198,67.418098,66.737099,66.970596,59.106064,2488.0
2014-11-26,66.980301,67.106796,66.746803,66.883003,59.028755000000004,1977.0
2014-11-27,66.883003,67.515404,66.834396,67.126198,59.243389,2749.0
2014-11-28,67.145699,67.612701,67.126198,67.369499,59.458121999999996,33785.0
2014-12-01,67.369499,67.612701,66.980301,67.612701,59.67276,4941.0
2014-12-02,67.457001,67.992104,66.844101,67.418098,59.501015,3938.0
2014-12-03,67.904503,67.904503,65.336197,65.452904,57.766594,2407.0
2014-12-04,65.5308,65.70590200000001,64.694099,64.791397,57.182774,7521.0
2014-12-05,64.888702,65.170799,64.295303,64.402298,56.839363,5629.0
2014-12-08,64.0131,64.022903,63.429401,63.526699,56.066589,3211.0
2014-12-09,63.721298,64.188202,63.516998,63.769901000000004,56.28123100000001,2892.0
2014-12-10,64.197998,64.694099,63.730999,64.694099,57.096901,3299.0
2014-12-11,64.7817,64.7817,63.439201000000004,64.450897,56.88225600000001,4710.0
2014-12-12,64.39250200000001,64.39250200000001,63.244597999999996,64.20770300000001,56.667618000000004,2211.0
2014-12-15,64.197998,64.197998,63.225101,63.701801,56.22113,2378.0
2014-12-16,63.254298999999996,64.450897,63.254298999999996,64.450897,56.88225600000001,4019.0
2014-12-17,63.293201,64.703903,63.293201,64.703903,57.105553,2372.0
2014-12-18,64.694099,65.083298,63.283501,65.083298,57.440394999999995,3733.0
2014-12-19,65.034599,66.046402,64.937302,66.046402,58.290397999999996,3155.0
2014-12-22,66.017197,66.017197,64.664902,65.0541,57.414623,962.0
2014-12-23,64.664902,65.569702,64.20770300000001,65.083298,57.440394999999995,1985.0
2014-12-24,65.083298,65.569702,65.083298,65.569702,57.869678,218.0
2014-12-29,65.569702,66.1437,65.569702,66.1437,58.376266,3036.0
2014-12-30,66.153397,66.153397,65.083298,65.9394,58.195961,3682.0
2014-12-31,65.9394,65.949097,65.86150400000001,65.949097,58.204517,93.0
2015-01-02,65.949097,65.958801,65.083298,65.958801,58.213085,549.0
2015-01-05,65.958801,66.639801,64.888702,64.888702,57.26865,1883.0
2015-01-06,64.694099,64.937302,64.266098,64.266098,56.719162,596.0
2015-01-07,64.937302,65.24859599999999,64.1688,64.1688,56.633286,1524.0
2015-01-08,64.1493,65.618301,63.769901000000004,64.723297,57.122665000000005,2815.0
2015-01-09,64.801102,66.026901,64.791397,66.026901,58.27319,750.0
2015-01-12,64.986,66.046402,64.986,65.686401,57.972671999999996,1903.0
2015-01-13,65.686401,65.686401,64.227203,64.49960300000001,56.925243,2431.0
2015-01-14,64.49960300000001,65.65720400000001,62.495499,65.618301,57.912571,3746.0
2015-01-15,65.5989,65.608597,64.694099,65.3946,57.715134,3441.0
2015-01-16,65.3946,66.036697,65.2584,66.026901,58.27319,3297.0
2015-01-19,66.017197,66.620399,65.472397,66.192299,58.41915899999999,1599.0
2015-01-20,65.482101,66.863602,65.472397,66.834396,58.985859,2893.0
2015-01-21,66.834396,66.970596,66.202003,66.970596,59.106064,2219.0
2015-01-22,66.960899,66.970596,66.250702,66.318802,58.530806999999996,6659.0
2015-01-23,66.318802,66.970596,66.26039899999999,66.639801,58.814114000000004,2467.0
2015-01-26,66.318802,67.22350300000001,66.318802,67.22350300000001,59.329269,8959.0
2015-01-27,67.22350300000001,67.369499,66.688499,67.369499,59.458121999999996,3834.0
2015-01-28,67.359703,67.369499,66.883003,67.369499,59.458121999999996,1802.0
2015-01-29,67.349998,69.08159599999999,67.320801,69.08159599999999,60.96915799999999,14183.0
2015-01-30,69.373497,71.07599599999999,69.373497,70.53119699999999,62.24853100000001,3499.0
2015-02-02,70.054497,71.49430100000001,70.0448,70.53119699999999,62.24853100000001,2295.0
2015-02-03,70.53119699999999,74.4226,70.53119699999999,74.4226,65.682953,6374.0
2015-02-04,74.4226,74.656097,73.644302,74.1502,65.442543,3301.0
2015-02-05,73.644302,74.0821,72.7687,72.7687,64.223274,4136.0
2015-02-06,73.011902,73.011902,72.47689799999999,72.47689799999999,63.965748,2826.0
2015-02-09,72.3601,72.3601,70.774399,71.046799,62.703587,5598.0
2015-02-10,70.823097,71.017601,69.558296,70.609001,62.3172,5584.0
2015-02-11,70.609001,73.420502,70.609001,73.1092,64.523788,3126.0
2015-02-12,73.0606,73.0606,72.47689799999999,72.963303,64.395027,2262.0
2015-02-13,72.963303,73.440002,72.107201,72.321198,63.828331000000006,3596.0
2015-02-16,73.333,73.333,72.11689799999999,72.50610400000001,63.991519999999994,1513.0
2015-02-17,72.47689799999999,72.47689799999999,71.017601,71.611099,63.201614,2815.0
2015-02-18,71.611099,71.980698,69.64589699999999,71.134399,62.780894999999994,2873.0
2015-02-19,71.134399,71.455399,70.064201,71.309502,62.93544,2993.0
2015-02-20,70.07399699999999,71.883499,70.07399699999999,71.290001,62.918228000000006,2325.0
2015-02-23,70.628502,71.863998,70.570099,71.017601,62.677814,4815.0
2015-02-24,71.017601,71.017601,70.0448,70.0448,61.819252,3455.0
2015-02-25,70.0448,71.24140200000001,70.0448,70.891098,62.566174,2692.0
2015-02-26,71.017601,71.114899,70.628502,71.017601,62.677814,2013.0
2015-02-27,70.638199,71.290001,70.054497,70.53119699999999,62.24853100000001,2027.0
2015-03-02,70.540901,73.7416,70.540901,73.731796,65.073273,3563.0
2015-03-03,72.963303,72.963303,72.175301,72.963303,64.395027,1973.0
2015-03-04,72.885498,73.0606,70.53119699999998,70.53119699999998,62.24853100000001,6633.0
2015-03-05,70.628502,71.416496,70.628502,71.358101,62.978329,1107.0
2015-03-06,71.017601,71.503998,70.920303,70.978699,62.64348199999999,3041.0
2015-03-09,71.027298,71.990501,71.017601,71.07599599999999,62.729355000000005,2071.0
2015-03-10,71.270599,72.953598,71.270599,71.309502,62.93544,1393.0
2015-03-11,71.24140200000001,72.953598,71.017601,71.07599599999999,62.729355000000005,2114.0
2015-03-12,71.12460300000002,72.447701,70.823097,71.14409599999998,62.789455000000004,1229.0
2015-03-13,71.14409599999999,72.953598,71.114899,71.377602,62.995537,2012.0
2015-03-16,71.503998,72.963303,71.503998,72.029404,63.570801,6072.0
2015-03-17,72.486603,72.963303,72.350403,72.7687,64.223274,6458.0
2015-03-18,72.953598,73.644302,72.7882,72.963303,64.395027,10982.0
2015-03-19,72.982803,73.8778,72.963303,73.138397,64.54956800000001,6539.0
2015-03-20,73.89720200000001,73.926399,73.420502,73.624802,64.978851,3907.0
2015-03-23,73.8778,73.93609599999999,73.634598,73.653999,65.004616,2847.0
2015-03-24,73.6735,73.93609599999998,73.663696,73.702698,65.04759200000001,1847.0
2015-03-25,73.702698,74.13069899999999,73.663696,74.13069899999999,65.42533900000001,3557.0
2015-03-26,74.121002,74.41280400000001,73.93609599999999,74.1502,65.442543,2612.0
2015-03-27,74.140404,74.802002,73.96530200000002,74.802002,66.01780699999999,6327.0
2015-03-30,74.4226,74.908997,74.140404,74.8993,66.10367600000001,4472.0
2015-03-31,74.32530200000002,75.152199,73.955597,74.5588,65.803162,3487.0
2015-04-01,73.663696,73.93609599999998,73.449699,73.449699,64.82431,3138.0
2015-04-02,73.449699,73.644302,72.963303,72.963303,64.395027,3240.0
2015-04-07,72.963303,73.440002,72.953598,73.021698,64.446564,2168.0
2015-04-08,72.963303,73.4011,72.963303,73.313499,64.704102,2443.0
2015-04-09,73.011902,73.829102,72.963303,72.963303,64.395027,3123.0
2015-04-10,72.963303,74.908997,72.943802,74.908997,66.112236,4917.0
2015-04-13,74.656097,74.656097,73.235703,74.198799,65.485443,1845.0
2015-04-14,74.033401,74.8993,73.838898,74.033401,65.339462,4324.0
2015-04-15,74.052902,74.879799,74.033401,74.033401,65.339462,1410.0
2015-04-16,74.043198,74.17939799999999,72.963303,72.963303,64.395027,3840.0
2015-04-17,72.973,73.449699,72.817398,72.817398,64.266258,775.0
2015-04-20,72.865997,72.865997,72.671402,72.671402,64.137405,16719.0
2015-04-21,72.671402,72.943802,72.554703,72.7687,64.223274,9079.0
2015-04-22,72.574203,72.681198,72.184998,72.4963,63.982868,17941.0
2015-04-23,72.47689799999998,72.47689799999998,72.00990300000002,72.039101,63.579356999999995,12726.0
2015-04-24,72.039101,72.47689799999998,72.039101,72.47689799999998,63.965748,3960.0
2015-04-27,72.292,72.710403,72.243401,72.652,64.120285,2174.0
2015-04-28,72.652,76.572502,72.652,75.881798,66.970795,8082.0
2015-04-29,74.918701,75.86239599999998,74.714401,75.288399,66.44708299999999,3758.0
2015-04-30,74.714401,74.908997,72.953598,72.982803,64.412239,3395.0
2015-05-04,72.982803,74.704697,72.963303,74.227997,65.511208,3421.0
2015-05-05,74.4226,74.665802,73.14810200000001,74.033401,65.339462,3742.0
2015-05-06,73.93609599999999,73.93609599999999,71.990501,72.671402,64.137405,10332.0
2015-05-07,70.0,71.459999,67.199997,67.199997,61.876354000000006,9000.0
2015-05-08,67.199997,68.389999,65.809998,66.300003,61.047656999999994,9757.0
2015-05-11,66.900002,68.489998,66.889999,67.010002,61.701412,3728.0
2015-05-12,67.209999,67.489998,65.989998,66.379997,61.121315,3058.0
2015-05-13,66.370003,66.370003,65.550003,66.099998,60.863499,3142.0
2015-05-14,65.559998,66.0,65.550003,65.550003,60.357075,1070.0
2015-05-15,66.0,66.0,64.099998,64.83000200000001,59.694111,4559.0
2015-05-18,64.160004,65.989998,64.099998,64.440002,59.335007,4564.0
2015-05-19,64.5,65.260002,63.610001000000004,65.260002,60.090045999999994,21670.0
2015-05-20,65.260002,66.949997,64.75,66.839996,61.544872,10038.0
2015-05-21,67.209999,68.699997,67.209999,67.93,62.548527,7303.0
2015-05-22,68.739998,70.989998,67.900002,70.0,64.454536,9339.0
2015-05-25,70.010002,70.010002,68.400002,68.400002,62.981289000000004,17141.0
2015-05-26,68.07,69.0,68.07,68.510002,63.082581000000005,5827.0
2015-05-27,68.489998,69.139999,68.260002,69.089996,63.616623,11499.0
2015-05-28,69.0,69.349998,68.910004,69.290001,63.800789,7376.0
2015-05-29,68.760002,70.599998,68.760002,70.489998,64.905716,8703.0
2015-06-01,70.970001,71.900002,69.900002,71.41999799999999,65.762039,5525.0
2015-06-02,71.41999799999999,71.440002,70.720001,71.400002,65.743629,4416.0
2015-06-03,71.120003,71.43,71.0,71.290001,65.642342,1841.0
2015-06-04,71.010002,71.239998,69.150002,69.150002,63.671870999999996,7088.0
2015-06-05,69.5,70.089996,69.199997,69.900002,64.362465,4179.0
2015-06-08,69.900002,70.489998,69.199997,69.889999,64.353256,3553.0
2015-06-09,69.709999,69.709999,68.900002,69.690002,64.16909799999999,1301.0
2015-06-10,69.0,69.550003,68.379997,69.33000200000001,63.837612,2362.0
2015-06-11,68.309998,68.970001,68.010002,68.110001,62.714268000000004,3287.0
2015-06-12,68.400002,68.989998,66.660004,67.010002,61.701412,7478.0
2015-06-15,66.010002,67.099998,65.510002,66.010002,60.780632,4625.0
2015-06-16,66.010002,67.110001,65.559998,66.110001,60.872707,2245.0
2015-06-17,67.5,67.5,65.5,65.519997,60.329441,4007.0
2015-06-18,65.629997,66.949997,65.629997,66.150002,60.909538,2602.0
2015-06-19,67.0,67.5,66.33000200000001,67.050003,61.738243000000004,3688.0
2015-06-22,66.529999,68.459999,66.529999,68.25,62.843174,7409.0
2015-06-23,69.0,70.989998,68.760002,70.980003,65.356903,11268.0
2015-06-24,70.699997,70.910004,70.160004,70.160004,64.60186800000001,6780.0
2015-06-25,70.010002,70.82,68.75,70.809998,65.20037099999999,3594.0
2015-06-26,70.82,70.82,69.510002,69.510002,64.003357,2670.0
2015-06-29,69.300003,70.589996,69.010002,69.599998,64.08622,3755.0
2015-06-30,70.0,70.0,68.75,69.239998,63.754738,1410.0
2015-07-01,69.019997,71.389999,69.019997,71.389999,65.734413,4344.0
2015-07-02,71.300003,71.599998,70.699997,71.510002,65.84491700000001,3623.0
2015-07-03,71.699997,71.699997,70.010002,71.0,65.375313,2138.0
2015-07-06,70.010002,70.550003,70.0,70.120003,64.565033,1468.0
2015-07-07,70.599998,70.989998,70.010002,70.010002,64.46374499999999,12638.0
2015-07-08,70.650002,70.650002,69.0,69.0,63.533756000000004,3066.0
2015-07-09,69.010002,69.040001,68.300003,68.650002,63.211491,4492.0
2015-07-10,68.650002,69.410004,68.370003,68.519997,63.091781999999995,3535.0
2015-07-13,68.519997,69.800003,68.400002,69.800003,64.270386,2577.0
2015-07-14,69.989998,71.129997,68.849998,69.699997,64.17830699999999,11494.0
2015-07-15,70.199997,71.690002,70.16999799999999,71.57,65.900154,4915.0
2015-07-16,71.57,72.949997,71.519997,72.949997,67.170837,6531.0
2015-07-17,73.0,74.989998,73.0,73.980003,68.11924,7173.0
2015-07-20,73.040001,74.489998,73.040001,74.010002,68.146866,6528.0
2015-07-21,74.0,74.019997,73.5,73.849998,67.999535,164.0
2015-07-22,73.5,73.730003,72.699997,73.0,67.21687299999999,2796.0
2015-07-23,73.0,73.190002,72.5,72.75,66.98667900000001,8684.0
2015-07-24,72.699997,73.040001,71.0,71.010002,65.38452099999999,4234.0
2015-07-27,71.5,72.400002,71.099998,71.110001,65.476601,3713.0
2015-07-28,71.199997,72.5,70.199997,70.199997,64.638687,3442.0
2015-07-29,70.199997,71.980003,70.199997,70.949997,65.329277,1215.0
2015-07-30,71.010002,71.5,70.190002,70.800003,65.19117,2743.0
2015-07-31,71.309998,71.839996,71.300003,71.800003,66.111938,2223.0
2015-08-03,71.82,72.489998,71.599998,71.769997,66.084312,2617.0
2015-08-04,71.769997,71.949997,71.410004,71.879997,66.1856,936.0
2015-08-05,71.879997,71.93,70.800003,70.800003,65.19117,1062.0
2015-08-06,70.83000200000002,71.870003,70.199997,70.5,64.914925,2384.0
2015-08-07,70.510002,71.300003,70.309998,70.5,64.914925,1333.0
2015-08-10,71.25,71.25,70.269997,70.760002,65.154335,1535.0
2015-08-11,70.779999,70.910004,70.260002,70.269997,64.703148,576.0
2015-08-12,70.360001,71.059998,68.290001,68.290001,62.880008999999994,3482.0
2015-08-13,69.0,69.230003,68.150002,69.230003,63.745537,784.0
2015-08-14,69.25,69.25,68.389999,68.639999,63.202273999999996,1927.0
2015-08-17,69.190002,69.190002,67.699997,67.699997,62.336742,6141.0
2015-08-18,67.709999,69.029999,67.709999,69.010002,63.542965,15257.0
2015-08-19,69.150002,69.150002,68.519997,68.800003,63.34960600000001,1047.0
2015-08-20,68.519997,69.25,68.519997,68.889999,63.432472,9117.0
2015-08-21,69.449997,69.989998,68.110001,68.110001,62.714268000000004,2622.0
2015-08-24,68.110001,69.339996,66.260002,66.489998,61.222599,9461.0
2015-08-25,66.849998,68.290001,66.769997,68.290001,62.880008999999994,3352.0
2015-08-26,68.279999,68.279999,67.33000200000001,68.0,62.612976,1507.0
2015-08-27,68.150002,71.849998,68.150002,70.349998,64.77681,4194.0
2015-08-28,70.349998,70.93,70.089996,70.309998,64.739975,413.0
2015-08-31,70.309998,70.489998,69.610001,70.489998,64.905716,404.0
2015-09-01,70.389999,70.400002,69.010002,69.699997,64.17830699999999,1817.0
2015-09-02,68.949997,71.370003,68.949997,70.5,64.914925,7278.0
2015-09-03,71.489998,71.489998,68.809998,69.800003,64.270386,3950.0
2015-09-04,69.800003,70.83000200000001,69.800003,70.019997,64.472954,4112.0
2015-09-07,70.0,71.040001,70.0,70.629997,65.03463,5636.0
2015-09-08,70.599998,71.480003,70.5,70.91999799999999,65.301651,1358.0
2015-09-09,70.91999799999999,71.900002,70.91999799999999,71.900002,66.204025,2411.0
2015-09-10,70.510002,72.489998,70.510002,72.489998,66.74726899999999,2563.0
2015-09-11,72.480003,74.0,72.029999,73.199997,67.40102399999999,2467.0
2015-09-14,72.199997,72.440002,68.809998,69.790001,64.261169,5137.0
2015-09-15,71.879997,72.989998,70.489998,72.989998,67.20766400000001,3873.0
2015-09-16,72.940002,74.389999,71.150002,74.389999,68.496758,6129.0
2015-09-17,74.400002,74.849998,73.800003,74.849998,68.920311,4936.0
2015-09-18,74.849998,75.199997,72.739998,72.739998,66.97747,12683.0
2015-09-21,72.739998,75.389999,72.739998,74.83000200000001,68.901901,4060.0
2015-09-22,74.75,75.160004,73.800003,74.010002,68.146866,1138.0
2015-09-23,74.010002,75.75,73.790001,75.739998,69.739807,3738.0
2015-09-24,75.5,75.75,73.940002,75.75,69.749016,6821.0
2015-09-25,73.93,77.980003,73.93,77.940002,71.765518,7527.0
2015-09-28,76.199997,77.5,75.150002,77.5,71.360382,5152.0
2015-09-29,75.0,76.730003,75.0,76.730003,70.651382,2691.0
2015-09-30,76.5,77.389999,76.269997,77.0,70.89999399999999,1372.0
2015-10-01,76.980003,76.980003,75.010002,75.010002,69.067635,1322.0
2015-10-02,75.510002,76.199997,75.0,75.0,69.05843399999999,993.0
2015-10-05,76.940002,76.940002,75.010002,75.790001,69.785851,2895.0
2015-10-06,75.790001,76.190002,75.309998,75.650002,69.656937,1406.0
2015-10-07,75.650002,76.349998,75.5,75.800003,69.795059,388.0
2015-10-08,75.800003,76.199997,75.019997,75.050003,69.104469,840.0
2015-10-09,75.050003,75.82,74.099998,74.099998,68.229729,1767.0
2015-10-12,73.900002,73.900002,72.510002,72.760002,66.995888,2483.0
2015-10-13,72.75,73.58000200000002,72.5,73.199997,67.40102399999999,2293.0
2015-10-14,72.910004,73.57,72.510002,73.57,67.741714,667.0
2015-10-15,73.559998,73.989998,73.33000200000002,73.720001,67.879837,1428.0
2015-10-16,73.720001,74.480003,73.720001,74.129997,68.257347,2694.0
2015-10-19,73.760002,74.489998,73.75,74.489998,68.588829,1659.0
2015-10-20,74.449997,74.690002,73.75,73.75,67.907455,1204.0
2015-10-21,73.769997,74.800003,73.760002,73.760002,67.916664,1159.0
2015-10-22,74.0,75.0,74.0,74.989998,69.049225,2690.0
2015-10-23,75.0,75.0,74.440002,74.980003,69.040024,529.0
2015-10-26,74.309998,75.0,74.309998,74.5,68.598038,479.0
2015-10-27,74.989998,75.5,74.300003,75.440002,69.463577,2644.0
2015-10-28,75.0,75.400002,74.110001,74.91999799999999,68.98477199999999,2971.0
2015-10-29,74.739998,74.989998,73.699997,74.589996,68.680908,14610.0
2015-10-30,73.699997,75.720001,73.699997,75.400002,69.426743,2534.0
2015-11-02,74.0,75.0,74.0,75.0,69.05843399999999,2002.0
2015-11-03,75.0,75.75,74.5,75.75,69.749016,4506.0
2015-11-04,75.690002,76.389999,75.0,76.32,70.27385699999999,1563.0
2015-11-05,76.400002,76.739998,75.730003,76.480003,70.421188,2023.0
2015-11-06,76.480003,76.690002,76.0,76.690002,70.614548,1189.0
2015-11-09,76.639999,76.75,76.0,76.58000200000001,70.51326800000001,7613.0
2015-11-10,76.0,76.25,74.0,76.0,69.97921,5591.0
2015-11-11,75.870003,75.900002,75.389999,75.900002,69.88713800000001,889.0
2015-11-12,75.790001,75.790001,75.120003,75.129997,69.17813100000001,1142.0
2015-11-13,74.110001,74.739998,73.599998,74.0,68.13765,4457.0
2015-11-16,72.75,74.739998,72.75,72.75,66.98667900000001,1626.0
2015-11-17,72.760002,74.83000200000002,72.760002,74.019997,68.15606700000001,941.0
2015-11-18,74.019997,75.199997,73.519997,74.91999799999998,68.98477199999999,1063.0
2015-11-19,75.599998,75.849998,75.019997,75.300003,69.334671,917.0
2015-11-20,75.290001,75.290001,73.0,74.0,68.13765,2900.0
2015-11-23,72.510002,73.800003,72.510002,73.25,67.447067,2988.0
2015-11-24,73.260002,73.989998,72.519997,73.5,67.677269,13203.0
2015-11-25,73.0,74.239998,73.0,73.879997,68.02716099999999,920.0
2015-11-26,73.510002,74.25,73.510002,74.019997,68.15606700000001,1097.0
2015-11-27,74.010002,74.25,73.58000200000002,74.0,68.13765,1125.0
2015-11-30,74.25,76.0,74.0,75.449997,69.472778,7887.0
2015-12-01,75.849998,76.599998,73.900002,76.370003,70.319901,5625.0
2015-12-02,76.440002,76.470001,76.099998,76.470001,70.41197199999998,2369.0
2015-12-03,75.860001,76.309998,75.860001,76.0,69.97921,1166.0
2015-12-04,76.300003,76.349998,75.5,75.550003,69.564865,2223.0
2015-12-07,75.849998,76.0,75.599998,75.949997,69.933167,2689.0
2015-12-08,76.0,76.339996,75.699997,76.279999,70.23703,1528.0
2015-12-09,76.010002,76.449997,75.849998,76.0,69.97921,1674.0
2015-12-10,76.0,76.5,75.58000200000002,76.309998,70.264648,3850.0
2015-12-11,76.309998,76.489998,75.809998,76.089996,70.06208000000001,1227.0
2015-12-14,75.809998,75.940002,75.0,75.0,69.05843399999999,2284.0
2015-12-15,75.510002,76.400002,75.099998,76.400002,70.347527,2318.0
2015-12-16,76.0,76.5,75.010002,76.489998,70.430389,2834.0
2015-12-17,76.5,77.400002,76.010002,77.349998,71.222267,7170.0
2015-12-18,77.349998,80.709999,77.199997,80.709999,74.316078,10809.0
2015-12-21,80.0,80.0,78.099998,79.349998,73.06381999999998,3032.0
2015-12-22,79.349998,79.349998,77.620003,78.0,71.82077,3552.0
2015-12-23,78.0,78.199997,77.25,78.199997,72.004921,11788.0
2015-12-24,77.980003,77.989998,77.25,77.730003,71.57216600000001,1807.0
2015-12-28,77.730003,78.480003,77.33000200000001,78.480003,72.262741,3147.0
2015-12-29,78.489998,78.980003,77.5,78.5,72.28115799999999,2876.0
2015-12-30,78.5,78.980003,78.160004,78.940002,72.686302,2856.0
2016-01-04,78.949997,79.5,77.260002,77.860001,71.691864,4630.0
2016-01-05,78.459999,78.989998,77.870003,78.0,71.82077,2808.0
2016-01-06,78.0,78.0,76.760002,77.230003,71.11177099999999,3800.0
2016-01-07,,,,,,
2016-01-08,77.0,77.25,76.25,77.0,70.89999399999999,3070.0
2016-01-11,77.099998,77.099998,76.019997,76.019997,69.99762700000001,1016.0
2016-01-12,76.019997,78.5,75.959999,78.489998,72.27195,4093.0
2016-01-13,78.470001,79.099998,78.029999,79.099998,72.833626,2443.0
2016-01-14,78.739998,79.0,77.559998,79.0,72.74155400000001,2234.0
2016-01-15,78.980003,79.5,77.5,77.5,71.360382,3078.0
2016-01-18,78.0,78.489998,75.760002,76.209999,70.172577,6227.0
2016-01-19,76.25,77.599998,75.860001,76.849998,70.761871,1761.0
2016-01-20,78.989998,78.989998,76.389999,76.400002,70.347527,3343.0
2016-01-21,76.0,77.489998,75.510002,75.970001,69.951584,3002.0
2016-01-22,76.0,77.949997,76.0,77.949997,71.774727,29114.0
2016-01-25,77.949997,77.949997,77.529999,77.949997,71.774727,3878.0
2016-01-26,75.959999,77.949997,75.959999,77.699997,71.544533,4160.0
2016-01-27,77.699997,77.949997,77.400002,77.949997,71.774727,3182.0
2016-01-28,77.949997,77.949997,77.099998,77.940002,71.765518,2029.0
2016-01-29,77.110001,77.949997,77.099998,77.529999,71.388008,1579.0
2016-02-01,77.940002,77.949997,77.199997,77.900002,71.728699,3569.0
2016-02-02,77.879997,78.449997,77.879997,78.449997,72.235123,904.0
2016-02-03,78.099998,78.43,77.489998,77.790001,71.627403,2209.0
2016-02-04,77.989998,78.0,77.489998,77.510002,71.369591,1770.0
2016-02-05,77.879997,77.879997,75.269997,75.269997,69.307037,3253.0
2016-02-08,75.300003,76.989998,74.449997,74.459999,68.561211,3133.0
2016-02-09,75.900002,75.900002,74.010002,74.010002,68.146866,2738.0
2016-02-10,75.300003,75.900002,74.769997,75.75,69.749016,1292.0
2016-02-11,75.900002,76.870003,75.0,75.910004,69.89634699999999,2561.0
2016-02-12,76.400002,76.400002,75.0,75.0,69.05843399999999,2186.0
2016-02-15,76.589996,76.599998,75.010002,76.58000200000001,70.51326800000001,1412.0
2016-02-16,75.010002,76.599998,75.010002,76.5,70.439598,1859.0
2016-02-17,76.480003,76.5,75.709999,76.349998,70.30148299999999,680.0
2016-02-18,76.349998,76.900002,72.099998,73.230003,67.428658,12337.0
2016-02-19,73.800003,74.199997,72.0,73.540001,67.714096,7610.0
2016-02-22,73.599998,75.400002,73.519997,75.150002,69.196556,17748.0
2016-02-23,75.0,78.0,74.949997,78.0,71.82077,7757.0
2016-02-24,78.0,78.889999,77.019997,78.0,71.82077,1155.0
2016-02-25,78.550003,78.889999,76.129997,78.339996,72.133827,1185.0
2016-02-26,78.339996,78.900002,77.58000200000002,78.760002,72.520561,1666.0
2016-02-29,78.889999,79.900002,78.0,78.5,72.28115799999998,2300.0
2016-03-01,78.739998,79.0,78.730003,78.940002,72.686302,2281.0
2016-03-02,78.91999799999998,79.790001,78.0,79.5,73.201942,3331.0
2016-03-03,79.800003,79.800003,77.5,78.199997,72.004921,2208.0
2016-03-04,78.199997,78.230003,77.5,77.610001,71.461662,1944.0
2016-03-07,78.0,78.0,76.440002,76.639999,70.568512,4317.0
2016-03-08,77.0,77.0,76.150002,76.150002,70.117325,2787.0
2016-03-09,76.410004,76.410004,75.0,75.0,69.05843399999999,3988.0
2016-03-10,75.07,75.440002,74.480003,74.949997,69.01239,5968.0
2016-03-11,75.0,76.699997,74.989998,76.690002,70.614548,5055.0
2016-03-14,76.699997,78.0,75.510002,77.739998,71.581367,4730.0
2016-03-15,77.730003,77.82,75.75,77.82,71.655029,2042.0
2016-03-16,77.82,77.82,76.41999799999999,76.41999799999999,70.365936,3560.0
2016-03-17,77.0,77.0,76.5,76.5,70.439598,970.0
2016-03-18,76.519997,76.800003,75.809998,76.0,69.97921,2417.0
2016-03-21,75.989998,76.099998,75.66999799999998,75.709999,69.712189,2070.0
2016-03-22,75.709999,76.0,74.510002,74.519997,68.616455,4231.0
2016-03-23,75.099998,76.25,75.089996,75.690002,69.693771,2743.0
2016-03-24,76.790001,78.0,75.900002,77.589996,71.44324499999999,6042.0
2016-03-29,77.589996,78.0,77.0,77.849998,71.68265500000001,133512.0
2016-03-30,77.989998,78.0,77.709999,78.0,71.82077,2428.0
2016-03-31,,,,,,
2016-04-01,77.989998,78.150002,77.809998,77.900002,71.728699,8630.0
2016-04-04,77.949997,78.099998,77.900002,77.900002,71.728699,3273.0
2016-04-05,77.809998,78.25,77.809998,78.0,71.82077,2529.0
2016-04-06,78.0,78.489998,78.0,78.300003,72.097,3376.0
2016-04-07,78.449997,78.900002,78.449997,78.769997,72.52977,3735.0
2016-04-08,78.769997,79.150002,78.599998,78.989998,72.732338,3300.0
2016-04-11,79.0,79.160004,78.16999799999999,78.32,72.11541700000001,2695.0
2016-04-12,79.0,79.0,78.68,78.699997,72.46530899999998,24473.0
2016-04-13,78.16999799999998,78.800003,78.019997,78.800003,72.557396,6677.0
2016-04-14,79.0,79.290001,78.360001,78.739998,72.502144,3680.0
2016-04-15,78.739998,79.300003,78.230003,79.230003,72.953331,1656.0
2016-04-18,79.0,79.0,78.059998,78.400002,72.189087,1314.0
2016-04-19,78.389999,78.989998,78.010002,78.5,72.28115799999998,1706.0
2016-04-20,78.5,78.989998,78.300003,78.300003,72.097,1238.0
2016-04-21,78.309998,78.540001,78.209999,78.209999,72.01413000000001,1224.0
2016-04-22,78.5,78.5,77.5,77.5,71.360382,5611.0
2016-04-25,77.760002,78.0,77.75,78.0,71.82077,2840.0
2016-04-26,77.989998,78.489998,77.75,78.239998,72.041756,2310.0
2016-04-27,78.239998,78.489998,77.800003,78.120003,71.931259,2828.0
2016-04-28,78.440002,78.449997,77.400002,77.949997,71.774727,3291.0
2016-04-29,78.0,78.449997,77.5,78.300003,72.097,2258.0
2016-05-02,78.300003,78.449997,78.300003,78.300003,72.097,1461.0
2016-05-03,78.300003,78.5,78.110001,78.199997,72.004921,3844.0
2016-05-04,78.489998,78.5,77.809998,77.849998,71.68265500000001,2036.0
2016-05-05,78.980003,79.099998,78.739998,78.800003,72.557396,1185.0
2016-05-06,78.800003,79.0,78.0,78.0,71.82077,663.0
2016-05-09,78.800003,79.0,78.16999799999999,78.16999799999999,71.977303,3823.0
2016-05-10,78.16999799999998,79.099998,78.129997,78.5,72.28115799999998,2589.0
2016-05-11,78.889999,78.889999,78.599998,78.800003,72.557396,7650.0
2016-05-12,78.779999,79.099998,78.650002,79.0,72.74155400000002,4761.0
2016-05-13,79.0,79.25,78.550003,79.25,72.97174100000001,4900.0
2016-05-16,79.25,79.300003,79.0,79.239998,72.962532,790.0
2016-05-17,79.239998,79.5,79.050003,79.5,73.201942,3121.0
2016-05-18,79.5,79.839996,79.480003,79.800003,73.478172,2880.0
2016-05-19,79.849998,79.900002,79.610001,79.660004,73.349266,2612.0
2016-05-20,79.660004,80.0,79.480003,79.900002,73.570251,3152.0
2016-05-23,79.889999,79.900002,79.5,79.769997,73.450539,2824.0
2016-05-24,79.800003,79.900002,79.599998,79.599998,73.294014,5442.0
2016-05-25,79.599998,79.779999,77.940002,77.940002,71.765518,5302.0
2016-05-26,79.0,79.190002,77.5,78.5,72.28115799999999,7213.0
2016-05-27,78.309998,79.779999,78.309998,79.0,72.74155400000002,15333.0
2016-05-30,79.800003,80.699997,79.800003,80.5,74.122711,5939.0
2016-05-31,80.489998,81.0,80.41999799999999,80.989998,74.573898,7973.0
2016-06-01,80.800003,81.75,80.800003,81.099998,74.675186,10600.0
2016-06-02,81.5,81.900002,81.190002,81.650002,75.181618,5122.0
2016-06-03,81.449997,81.75,81.260002,81.5,75.043495,4905.0
2016-06-06,81.599998,81.889999,81.360001,81.889999,75.402603,3053.0
2016-06-07,81.879997,81.900002,81.0,81.0,74.583107,5842.0
2016-06-08,81.0,81.099998,80.150002,80.150002,73.800446,3256.0
2016-06-09,80.489998,80.489998,79.900002,79.900002,73.570251,3311.0
2016-06-10,80.239998,80.239998,79.910004,80.0,73.66233100000001,5536.0
2016-06-13,79.910004,80.0,78.199997,78.199997,72.004921,7366.0
2016-06-14,78.0,78.269997,77.58000200000001,78.0,71.82077,5403.0
2016-06-15,78.0,78.300003,77.800003,77.970001,71.793144,4059.0
2016-06-16,78.0,78.0,76.769997,76.769997,70.68821,4423.0
2016-06-17,76.349998,77.5,76.349998,77.0,70.89999399999999,139426.0
2016-06-20,77.349998,78.5,77.339996,78.199997,72.004921,16496.0
2016-06-21,78.199997,79.25,78.199997,79.0,72.74155400000002,6733.0
2016-06-22,79.489998,79.699997,79.139999,79.25,72.97174100000002,3930.0
2016-06-23,79.5,80.0,79.309998,80.0,73.66233100000002,4073.0
2016-06-24,78.0,80.08000200000002,76.5,80.08000200000002,73.73599200000002,10548.0
2016-06-27,79.0,80.25,78.050003,78.050003,71.866814,5149.0
2016-06-28,78.050003,80.099998,77.110001,77.110001,71.001274,231525.0
2016-06-29,78.5,79.779999,78.33000200000002,79.57,73.266388,9152.0
2016-06-30,79.800003,80.339996,79.599998,79.599998,73.294014,11051.0
2016-07-01,80.0,81.900002,80.0,80.599998,74.214798,6058.0
2016-07-04,80.599998,81.75,80.599998,81.300003,74.859344,3355.0
2016-07-05,81.300003,81.449997,80.610001,81.0,74.583107,6373.0
2016-07-06,78.339996,79.0,77.5,78.099998,74.870705,7881.0
2016-07-07,78.110001,78.889999,78.110001,78.160004,74.92823,2711.0
2016-07-08,78.160004,79.75,77.91999799999998,79.75,76.452477,4737.0
2016-07-11,79.800003,80.43,79.790001,80.370003,77.046844,1405.0
2016-07-12,80.370003,80.910004,79.510002,79.510002,76.222404,3868.0
2016-07-13,80.0,80.18,79.41999799999999,79.800003,76.500412,3163.0
2016-07-14,79.989998,80.099998,79.800003,79.800003,76.500412,3544.0
2016-07-15,79.800003,80.190002,79.650002,79.910004,76.60586500000002,2780.0
2016-07-18,79.709999,80.389999,79.709999,80.360001,77.037254,3914.0
2016-07-19,80.0,80.5,79.800003,80.5,77.171471,5010.0
2016-07-20,79.800003,80.650002,79.800003,80.010002,76.701729,3924.0
2016-07-21,79.809998,80.160004,79.730003,80.160004,76.845528,886.0
2016-07-22,80.010002,80.480003,79.599998,80.480003,77.152298,2086.0
2016-07-25,80.440002,80.5,80.010002,80.010002,76.701729,2640.0
2016-07-26,80.16999799999998,81.5,80.150002,80.699997,77.363197,4171.0
2016-07-27,80.599998,81.5,80.589996,81.5,78.130119,2966.0
2016-07-28,81.360001,81.949997,81.120003,81.410004,78.043846,3879.0
2016-07-29,81.25,81.83000200000001,81.209999,81.449997,78.082184,3879.0
2016-08-01,81.449997,81.800003,81.209999,81.440002,78.072601,2147.0
2016-08-02,81.110001,81.550003,81.099998,81.300003,77.938393,2420.0
2016-08-03,81.290001,81.470001,80.75,81.16999799999998,77.813766,3364.0
2016-08-04,81.209999,81.589996,81.059998,81.589996,78.21639300000001,1771.0
2016-08-05,81.57,81.739998,81.300003,81.599998,78.225983,2778.0
2016-08-08,81.589996,81.699997,81.300003,81.489998,78.120529,1764.0
2016-08-09,81.25,81.489998,81.010002,81.489998,78.120529,3142.0
2016-08-10,81.470001,81.470001,80.150002,80.739998,77.401543,3522.0
2016-08-11,81.25,81.25,80.629997,80.849998,77.506996,1885.0
2016-08-12,80.849998,80.889999,79.599998,79.650002,76.356613,8786.0
2016-08-15,79.650002,80.0,79.650002,79.900002,76.596275,774.0
2016-08-16,79.900002,80.889999,79.900002,80.449997,77.123535,4340.0
2016-08-17,80.449997,80.940002,80.360001,80.800003,77.459068,3173.0
2016-08-18,80.949997,80.949997,80.389999,80.900002,77.554932,2985.0
2016-08-19,80.849998,80.879997,80.300003,80.480003,77.152298,31760.0
2016-08-22,80.910004,80.910004,80.400002,80.699997,77.363197,3269.0
2016-08-23,80.650002,80.910004,80.360001,80.879997,77.535751,3198.0
2016-08-24,80.620003,80.900002,80.599998,80.599998,77.26733399999998,5939.0
2016-08-25,80.620003,80.779999,80.150002,80.5,77.171471,3038.0
2016-08-26,80.300003,80.410004,80.0,80.389999,77.066017,1991.0
2016-08-29,80.25,80.389999,80.0,80.099998,76.78801,2167.0
2016-08-30,79.68,80.199997,79.660004,80.199997,76.883873,2997.0
2016-08-31,80.190002,80.199997,79.5,79.959999,76.65379300000002,3658.0
2016-09-01,79.959999,80.160004,79.510002,80.160004,76.845528,4571.0
2016-09-02,79.660004,80.199997,79.660004,80.010002,76.701729,2987.0
2016-09-05,80.0,80.239998,79.849998,80.199997,76.883873,3556.0
2016-09-06,80.199997,80.199997,80.0,80.199997,76.883873,3272.0
2016-09-07,79.970001,80.199997,79.809998,80.199997,76.883873,3368.0
2016-09-08,80.199997,80.199997,79.5,80.08000200000001,76.768837,3920.0
2016-09-09,80.08000200000002,80.199997,79.800003,79.959999,76.65379300000002,2341.0
2016-09-12,79.800003,80.199997,79.5,79.75,76.452477,4389.0
2016-09-13,79.620003,80.190002,79.620003,79.809998,76.50999499999998,2158.0
2016-09-14,79.93,80.089996,79.660004,79.800003,76.500412,3418.0
2016-09-15,79.800003,80.050003,79.650002,80.050003,76.740082,3223.0
2016-09-16,80.050003,80.050003,79.75,79.75,76.452477,8359.0
2016-09-19,79.699997,80.050003,79.5,80.040001,76.730492,5816.0
2016-09-20,80.040001,80.050003,79.5,80.050003,76.740082,3092.0
2016-09-21,80.0,80.050003,79.620003,80.029999,76.720901,3534.0
2016-09-22,80.0,80.199997,79.610001,79.650002,76.356613,4432.0
2016-09-23,79.620003,80.050003,79.620003,80.050003,76.740082,8825.0
2016-09-26,80.019997,80.050003,79.57,79.599998,76.308678,4718.0
2016-09-27,79.610001,80.0,79.5,79.800003,76.500412,3862.0
2016-09-28,79.5,79.809998,79.5,79.800003,76.500412,3564.0
2016-09-29,79.790001,79.800003,79.5,79.769997,76.471649,2965.0
2016-09-30,79.510002,79.800003,79.510002,79.589996,76.299095,1315.0
2016-10-03,79.529999,79.800003,79.5,79.699997,76.40454100000001,2156.0
2016-10-04,79.800003,79.800003,79.540001,79.699997,76.40454100000001,4479.0
2016-10-05,79.559998,79.699997,79.269997,79.400002,76.116951,5174.0
2016-10-06,79.599998,79.599998,78.5,78.5,75.254166,3163.0
2016-10-07,79.0,79.0,78.150002,78.199997,74.96656800000001,4137.0
2016-10-10,78.199997,78.839996,78.0,78.0,74.77484100000001,3105.0
2016-10-11,78.010002,78.699997,78.0,78.5,75.254166,4030.0
2016-10-12,78.5,78.800003,78.029999,78.150002,74.91864,4833.0
2016-10-13,79.0,79.0,78.199997,78.199997,74.96656800000001,3037.0
2016-10-14,78.900002,78.900002,78.07,78.489998,75.244576,11632.0
2016-10-17,78.480003,78.5,78.07,78.07,74.841942,3231.0
2016-10-18,78.089996,78.290001,77.709999,77.75,74.535179,14598.0
2016-10-19,78.300003,78.5,77.75,77.91999799999999,74.698143,6712.0
2016-10-20,77.720001,78.650002,77.720001,78.25,75.014503,3323.0
2016-10-21,78.489998,78.5,78.349998,78.5,75.254166,5475.0
2016-10-24,78.5,78.5,77.699997,78.379997,75.139122,5908.0
2016-10-25,78.5,78.5,77.949997,78.370003,75.12953900000002,3649.0
2016-10-26,78.480003,78.5,78.040001,78.199997,74.96656800000001,3276.0
2016-10-27,78.230003,78.5,77.610001,77.980003,74.755669,4503.0
2016-10-28,78.089996,78.089996,76.050003,76.050003,72.905472,5003.0
2016-10-31,76.040001,76.709999,76.0,76.099998,72.9534,2747.0
2016-11-01,76.120003,76.480003,76.0,76.480003,73.317688,1381.0
2016-11-02,76.489998,76.489998,74.099998,75.110001,72.004333,3088.0
2016-11-03,75.0,76.949997,75.0,76.290001,73.135544,3589.0
2016-11-04,76.849998,76.849998,75.599998,75.599998,72.474075,3677.0
2016-11-07,75.610001,75.75,74.190002,74.25,71.179893,4847.0
2016-11-08,75.290001,75.739998,74.75,75.739998,72.608284,2144.0
2016-11-09,75.709999,75.75,74.510002,75.75,72.617874,3588.0
2016-11-10,75.730003,75.739998,74.900002,75.25,72.13855,4578.0
2016-11-11,75.0,75.389999,74.610001,74.949997,71.850945,1007.0
2016-11-14,74.949997,75.5,74.779999,75.389999,72.272758,3847.0
2016-11-15,75.449997,75.449997,74.57,74.940002,71.84137,2191.0
2016-11-16,74.980003,75.5,74.510002,75.050003,71.946815,3053.0
2016-11-17,75.459999,75.5,74.75,74.769997,71.678391,3220.0
2016-11-18,74.120003,74.800003,73.949997,74.309998,71.237411,5612.0
2016-11-21,74.349998,74.349998,73.5,73.610001,70.56636,4587.0
2016-11-22,73.199997,74.0,73.199997,73.989998,70.93064100000002,4409.0
2016-11-23,73.900002,74.0,73.650002,74.0,70.94023100000003,8193.0
2016-11-24,74.0,74.0,73.739998,74.0,70.94023100000003,3357.0
2016-11-25,73.980003,74.0,73.699997,74.0,70.94023100000003,3248.0
2016-11-28,74.199997,74.25,73.849998,73.910004,70.85395799999998,5105.0
2016-11-29,74.0,74.0,73.779999,73.860001,70.806023,4863.0
2016-11-30,73.860001,74.0,73.760002,73.790001,70.73891400000002,4034.0
2016-12-01,74.0,74.0,73.599998,73.599998,70.55677,2895.0
2016-12-02,73.550003,73.800003,73.050003,73.050003,70.02951800000001,6048.0
2016-12-05,74.480003,74.480003,71.0,71.0,68.064278,6870.0
2016-12-06,71.5,72.989998,71.08000200000002,72.099998,69.11879,6795.0
2016-12-07,72.099998,73.33000200000001,72.089996,73.120003,70.09661899999999,5257.0
2016-12-08,73.110001,73.120003,72.16999799999998,72.16999799999998,69.185898,3729.0
2016-12-09,72.190002,73.25,72.16999799999998,72.900002,69.885719,18383.0
2016-12-12,72.599998,73.5,72.550003,72.550003,69.550186,5544.0
2016-12-13,73.0,73.099998,72.57,72.800003,69.789856,3702.0
2016-12-14,73.099998,73.099998,72.57,72.57,69.56935899999999,3941.0
2016-12-15,72.599998,73.0,72.370003,72.370003,69.37763199999999,7034.0
2016-12-16,72.370003,72.91999799999998,72.0,72.0,69.022926,7357.0
2016-12-19,72.5,72.5,72.0,72.0,69.022926,3406.0
2016-12-20,72.0,73.559998,71.989998,73.230003,70.202072,6637.0
2016-12-21,73.5,73.650002,73.0,73.0,69.981583,3051.0
2016-12-22,73.010002,74.889999,73.010002,74.0,70.94023100000003,13000.0
2016-12-23,74.879997,74.980003,73.739998,74.5,71.419556,15747.0
2016-12-27,74.5,75.18,74.160004,75.18,72.071442,3633.0
2016-12-28,75.199997,75.25,74.660004,74.699997,71.61128199999999,1875.0
2016-12-29,74.66999799999999,74.989998,74.519997,74.68,71.592117,1710.0
2016-12-30,75.0,75.480003,74.519997,75.199997,72.090614,1497.0
2017-01-02,75.75,76.0,75.120003,76.0,72.857536,2847.0
2017-01-03,75.970001,76.489998,75.279999,75.699997,72.569939,2429.0
2017-01-04,76.199997,76.83000200000002,75.690002,76.599998,73.432724,3456.0
2017-01-05,76.970001,77.900002,76.959999,77.449997,74.247574,3027.0
2017-01-06,77.5,77.779999,75.339996,75.339996,72.224823,3313.0
2017-01-09,75.650002,76.75,75.5,75.5,72.378212,4691.0
2017-01-10,75.519997,75.980003,74.139999,74.139999,71.07444,3892.0
2017-01-11,74.25,75.360001,74.25,74.25,71.179893,2939.0
2017-01-12,74.220001,75.540001,74.220001,75.290001,72.176895,3037.0
2017-01-13,75.5,75.739998,74.82,74.82,71.726326,2560.0
2017-01-16,75.5,75.5,74.510002,74.510002,71.429146,1158.0
2017-01-17,74.519997,74.91999799999998,74.099998,74.099998,71.03609499999997,2803.0
2017-01-18,74.099998,75.489998,74.099998,74.510002,71.429146,2419.0
2017-01-19,74.5,75.639999,74.5,75.589996,72.464485,3147.0
2017-01-20,75.800003,75.839996,74.309998,74.309998,71.237411,3063.0
2017-01-23,74.300003,74.940002,74.0,74.0,70.94023100000003,1348.0
2017-01-24,74.470001,75.150002,73.199997,73.510002,70.470497,7362.0
2017-01-25,73.5,73.970001,73.040001,73.449997,70.412971,3063.0
2017-01-26,73.599998,73.599998,72.199997,72.68,69.674812,5154.0
2017-01-27,72.900002,72.900002,72.099998,72.599998,69.598122,3119.0
2017-01-30,72.589996,73.0,72.099998,73.0,69.981583,5829.0
2017-01-31,74.199997,76.0,74.099998,74.489998,71.409966,7379.0
2017-02-01,74.489998,75.199997,74.089996,74.110001,71.04568499999998,3539.0
2017-02-02,74.25,74.25,73.699997,73.75,70.70056899999999,3146.0
2017-02-03,73.75,74.150002,73.5,74.0,70.94023100000001,6036.0
2017-02-06,74.25,74.739998,74.019997,74.400002,71.32369200000001,3507.0
2017-02-07,74.400002,74.989998,74.010002,74.790001,71.697571,4013.0
2017-02-08,74.790001,75.900002,74.790001,75.790001,72.656219,1870.0
2017-02-09,75.769997,76.0,74.010002,75.980003,72.838364,3450.0
2017-02-10,75.010002,76.25,75.010002,76.239998,73.08760799999999,2640.0
2017-02-13,76.239998,76.989998,75.599998,76.989998,73.806595,9862.0
2017-02-14,76.739998,76.739998,75.019997,75.08000200000001,71.975578,3089.0
2017-02-15,75.25,75.900002,74.510002,74.769997,71.678391,1596.0
2017-02-16,75.489998,75.489998,74.0,74.010002,70.949821,3936.0
2017-02-17,74.889999,74.940002,73.620003,73.800003,70.74850500000002,3596.0
2017-02-20,74.400002,74.5,73.050003,73.050003,70.02951800000001,7714.0
2017-02-21,73.260002,74.190002,73.260002,74.190002,71.122375,3236.0
2017-02-22,73.849998,75.379997,73.849998,74.650002,71.563354,3024.0
2017-02-23,75.199997,75.199997,73.93,74.010002,70.949821,2682.0
2017-02-24,74.029999,75.32,74.029999,75.279999,72.167305,3735.0
2017-02-27,75.0,75.0,73.260002,73.260002,70.230835,4788.0
2017-02-28,73.279999,74.0,73.279999,73.660004,70.614296,4371.0
2017-03-01,73.0,74.0,73.0,73.099998,70.077446,8247.0
2017-03-02,74.0,74.410004,73.5,74.0,70.94023100000003,6825.0
2017-03-03,75.480003,77.980003,75.480003,77.470001,74.266754,27574.0
2017-03-06,77.449997,77.5,76.629997,76.900002,73.720322,22927.0
2017-03-07,76.529999,77.0,76.529999,77.0,73.816185,26766.0
2017-03-08,77.489998,77.949997,77.0,77.949997,74.726906,10997.0
2017-03-09,78.0,78.0,76.510002,77.220001,74.02709200000002,10912.0
2017-03-10,77.489998,77.900002,76.690002,77.41999799999999,74.218819,26426.0
2017-03-13,77.949997,78.0,77.120003,77.650002,74.439316,15178.0
2017-03-14,77.0,77.779999,77.0,77.440002,74.237999,8330.0
2017-03-15,76.75,77.949997,76.75,77.949997,74.726906,14100.0
2017-03-16,77.949997,78.550003,77.0,78.550003,75.30210100000001,19173.0
2017-03-17,78.58000200000001,79.730003,77.510002,79.5,76.212814,171277.0
2017-03-20,78.029999,78.989998,78.0,78.0,74.77484100000001,8470.0
2017-03-21,77.5,78.07,77.18,77.230003,74.036682,5530.0
2017-03-22,77.83000200000001,78.379997,77.120003,78.379997,75.139122,10645.0
2017-03-23,78.379997,78.379997,77.58000200000001,78.0,74.77484100000001,5497.0
2017-03-24,77.989998,77.989998,76.440002,77.16999799999999,73.979156,8617.0
2017-03-27,77.800003,77.800003,76.16999799999998,77.07,73.88329300000002,4667.0
2017-03-28,77.0,77.0,75.360001,76.529999,73.365616,4957.0
2017-03-29,76.650002,76.650002,75.660004,76.199997,73.049263,8483.0
2017-03-30,75.309998,75.980003,75.110001,75.349998,72.234413,10623.0
2017-03-31,75.58000200000001,76.900002,75.400002,76.900002,73.720322,11023.0
2017-04-03,76.75,77.120003,76.150002,76.290001,73.135544,6457.0
2017-04-04,76.550003,76.860001,76.349998,76.480003,73.317688,2919.0
2017-04-05,76.480003,76.599998,75.510002,76.0,72.857536,5774.0
2017-04-06,75.949997,76.040001,75.620003,75.980003,72.838364,2819.0
2017-04-07,75.610001,76.269997,75.610001,76.269997,73.116371,6250.0
2017-04-10,76.0,76.400002,76.0,76.389999,73.23140699999999,4294.0
2017-04-11,76.239998,76.239998,75.389999,75.389999,72.272758,5200.0
2017-04-12,76.0,76.5,75.459999,76.5,73.336861,4873.0
2017-04-13,76.0,77.150002,76.0,77.150002,73.95998399999998,7243.0
2017-04-18,77.150002,79.0,76.889999,78.82,75.560936,8552.0
2017-04-19,78.790001,78.790001,78.190002,78.739998,75.484238,3400.0
2017-04-20,78.66999799999999,78.800003,77.83000200000001,78.16999799999999,74.93780500000001,4686.0
2017-04-21,78.290001,78.290001,77.599998,77.870003,74.650215,3772.0
2017-04-24,78.099998,78.099998,77.510002,78.099998,74.870705,6415.0
2017-04-25,78.300003,78.779999,77.599998,78.360001,75.119957,2700.0
2017-04-26,77.699997,78.5,77.599998,78.050003,74.822777,7838.0
2017-04-27,77.519997,77.980003,76.300003,76.75,73.576523,5215.0
2017-04-28,76.760002,77.0,74.5,75.0,71.89888,12030.0
2017-05-02,75.0,75.739998,75.0,75.739998,72.608284,4566.0
2017-05-03,75.5,75.690002,74.510002,75.0,71.89888,4610.0
2017-05-04,75.0,75.199997,74.360001,74.58000200000002,71.49625400000002,5519.0
2017-05-05,75.120003,75.449997,74.32,75.449997,72.330276,7890.0
2017-05-08,75.209999,76.959999,75.209999,76.959999,73.77784,5573.0
2017-05-09,76.120003,77.949997,76.120003,77.839996,74.621452,5201.0
2017-05-10,77.360001,78.489998,77.199997,77.82,74.60228000000002,7382.0
2017-05-11,78.32,78.489998,77.239998,78.25,75.014503,6610.0
2017-05-12,78.0,79.5,78.0,79.5,76.212814,8239.0
2017-05-15,78.839996,79.489998,78.75,79.349998,76.069016,3584.0
2017-05-16,78.769997,79.599998,78.510002,79.599998,76.308678,9806.0
2017-05-17,78.5,79.309998,78.5,79.199997,75.925217,18821.0
2017-05-18,79.089996,79.610001,78.900002,79.199997,75.925217,10862.0
2017-05-19,79.0,79.279999,78.75,79.0,75.73349,15076.0
2017-05-22,79.199997,79.849998,78.800003,79.309998,76.03067,7720.0
2017-05-23,79.309998,79.849998,78.839996,78.839996,75.580101,5679.0
2017-05-24,79.0,79.989998,79.0,79.41999799999999,76.136124,9357.0
2017-05-25,79.41999799999999,79.93,79.41999799999999,79.91999799999999,76.615448,1225.0
2017-05-26,79.599998,80.199997,79.599998,80.199997,76.883873,3128.0
2017-05-29,79.589996,80.0,79.519997,79.949997,76.644203,2742.0
2017-05-30,80.0,80.0,79.510002,79.650002,76.356613,2336.0
2017-05-31,80.190002,80.190002,79.519997,80.0,76.692139,3359.0
2017-06-01,79.980003,80.0,79.66999799999998,79.989998,76.682556,3117.0
2017-06-02,80.199997,80.5,79.519997,80.489998,77.16188000000002,7816.0
2017-06-05,80.599998,80.599998,80.18,80.599998,77.26733399999998,2544.0
2017-06-06,80.589996,80.599998,80.010002,80.019997,76.711311,1073.0
2017-06-07,80.0,80.540001,79.730003,80.129997,76.816765,3050.0
2017-06-08,80.589996,80.589996,79.029999,79.050003,75.781425,2909.0
2017-06-09,79.68,80.0,78.639999,80.0,76.692139,6351.0
2017-06-12,79.32,79.900002,79.279999,79.900002,76.596275,7177.0
2017-06-13,79.879997,79.900002,79.099998,79.660004,76.366203,2236.0
2017-06-14,79.120003,80.730003,79.120003,80.449997,77.123535,15213.0
2017-06-15,79.949997,80.730003,79.949997,80.730003,77.39196,3497.0
2017-06-16,80.029999,83.16999799999998,80.029999,83.16999799999998,79.731064,14874.0
2017-06-19,81.18,82.860001,81.18,81.900002,78.51358,3681.0
2017-06-20,81.900002,82.0,81.110001,81.949997,78.56150799999999,6306.0
2017-06-21,81.32,81.779999,80.529999,80.959999,77.61245,2778.0
2017-06-22,81.18,81.25,80.510002,81.25,77.890457,4268.0
2017-06-23,81.25,81.58000200000001,80.93,81.199997,77.842522,4570.0
2017-06-26,81.239998,81.25,80.440002,81.029999,77.67955,7212.0
2017-06-27,81.029999,81.230003,80.120003,80.150002,76.835945,3423.0
2017-06-28,80.129997,81.010002,79.599998,79.769997,76.471649,4561.0
2017-06-29,79.809998,80.199997,79.139999,79.589996,76.299095,4352.0
2017-06-30,79.589996,79.779999,79.199997,79.779999,76.481239,3195.0
2017-07-03,79.839996,80.849998,79.800003,80.32,76.998909,3921.0
2017-07-04,80.25,80.900002,80.199997,80.900002,77.554932,2331.0
2017-07-05,80.989998,80.989998,80.309998,80.900002,77.554932,3296.0
2017-07-06,80.900002,80.989998,80.0,80.0,76.692139,4636.0
2017-07-07,79.120003,79.790001,78.550003,78.559998,75.311684,3666.0
2017-07-10,78.900002,78.900002,78.559998,78.75,75.49382800000001,2816.0
2017-07-11,78.75,78.959999,78.68,78.68,75.42671999999999,6230.0
2017-07-12,78.68,79.550003,78.68,79.059998,75.79100799999999,2128.0
2017-07-13,79.059998,79.949997,79.029999,79.940002,76.634628,1183.0
2017-07-14,79.940002,79.980003,79.019997,79.900002,76.596275,2388.0
2017-07-17,80.0,80.0,79.0,79.5,76.212814,2318.0
2017-07-18,79.5,79.68,79.0,79.150002,75.877289,3966.0
2017-07-19,79.150002,79.480003,78.739998,78.989998,75.7239,1277.0
2017-07-20,78.699997,79.0,78.550003,78.970001,75.704735,6005.0
2017-07-21,78.75,79.0,78.75,79.0,75.73349,1621.0
2017-07-24,79.199997,79.199997,78.739998,78.849998,75.589691,1363.0
2017-07-25,78.959999,79.25,78.75,79.25,75.973152,4383.0
2017-07-26,79.0,79.790001,78.809998,79.459999,76.17446899999999,4571.0
2017-07-27,79.110001,79.809998,79.110001,79.809998,76.50999499999999,4492.0
2017-07-28,77.0,78.190002,76.059998,77.050003,77.050003,4055.0
2017-07-31,77.400002,77.5,76.07,76.33000200000001,76.33000200000001,3644.0
2017-08-01,76.41999799999999,76.41999799999999,75.260002,75.800003,75.800003,7707.0
2017-08-02,75.849998,76.150002,75.470001,75.940002,75.940002,13223.0
2017-08-03,75.809998,75.989998,75.57,75.68,75.68,4372.0
2017-08-04,75.849998,75.900002,75.599998,75.720001,75.720001,2402.0
2017-08-07,75.889999,76.139999,75.449997,75.900002,75.900002,10462.0
2017-08-08,75.5,76.120003,75.5,76.0,76.0,6533.0
2017-08-09,75.5,76.199997,75.5,76.0,76.0,6798.0
2017-08-10,76.0,76.25,75.300003,75.989998,75.989998,7947.0
2017-08-11,75.980003,75.980003,75.309998,75.360001,75.360001,3113.0
2017-08-14,75.849998,75.849998,75.309998,75.480003,75.480003,1565.0
2017-08-15,75.260002,75.400002,75.099998,75.300003,75.300003,8255.0
2017-08-16,75.220001,75.400002,75.220001,75.33000200000002,75.33000200000002,9203.0
2017-08-17,75.68,75.68,75.099998,75.150002,75.150002,21785.0
2017-08-18,75.639999,75.639999,75.099998,75.099998,75.099998,4570.0
2017-08-21,75.190002,75.190002,74.699997,74.989998,74.989998,4704.0
2017-08-22,75.0,75.150002,74.849998,74.989998,74.989998,2448.0
2017-08-23,74.980003,74.989998,74.199997,74.239998,74.239998,4827.0
2017-08-24,74.489998,74.489998,73.900002,74.199997,74.199997,15703.0
2017-08-25,74.5,74.5,73.809998,74.190002,74.190002,13604.0
2017-08-28,74.400002,74.400002,73.809998,73.900002,73.900002,5364.0
2017-08-29,73.900002,73.900002,71.980003,72.699997,72.699997,10350.0
2017-08-30,72.800003,73.360001,72.5,72.989998,72.989998,15345.0
2017-08-31,73.019997,73.040001,72.449997,72.709999,72.709999,30991.0
2017-09-01,72.800003,72.889999,72.550003,72.839996,72.839996,5871.0
2017-09-04,72.889999,72.889999,72.639999,72.800003,72.800003,4948.0
2017-09-05,72.660004,72.800003,72.540001,72.650002,72.650002,8692.0
2017-09-06,72.459999,72.800003,72.459999,72.620003,72.620003,10455.0
2017-09-07,72.690002,72.75,72.5,72.5,72.5,39830.0
2017-09-08,72.75,72.75,72.309998,72.41999799999999,72.41999799999999,12553.0
2017-09-11,72.41999799999999,72.879997,72.41999799999999,72.599998,72.599998,14133.0
2017-09-12,72.5,72.760002,72.389999,72.599998,72.599998,8723.0
2017-09-13,72.620003,72.699997,72.510002,72.599998,72.599998,12735.0
2017-09-14,72.5,72.699997,72.32,72.5,72.5,13066.0
2017-09-15,72.309998,72.480003,71.650002,71.650002,71.650002,104061.0
2017-09-18,71.989998,72.779999,71.5,72.699997,72.699997,60306.0
2017-09-19,72.989998,73.93,72.989998,73.489998,73.489998,11663.0
2017-09-20,73.690002,74.0,73.529999,73.639999,73.639999,4903.0
2017-09-21,74.190002,74.190002,73.32,73.809998,73.809998,8980.0
2017-09-22,74.099998,74.099998,73.239998,73.470001,73.470001,6161.0
2017-09-25,73.400002,73.400002,72.809998,73.110001,73.110001,7811.0
2017-09-26,73.059998,73.239998,72.800003,73.099998,73.099998,7991.0
2017-09-27,73.5,73.5,72.5,72.660004,72.660004,7018.0
2017-09-28,72.510002,73.0,72.510002,72.870003,72.870003,6470.0
2017-09-29,72.66999799999998,73.940002,72.66999799999998,73.610001,73.610001,7427.0
2017-10-02,73.959999,74.489998,73.959999,74.08000200000002,74.08000200000002,5793.0
2017-10-03,74.480003,74.489998,73.809998,74.010002,74.010002,44968.0
2017-10-04,74.400002,74.400002,73.589996,73.809998,73.809998,6504.0
2017-10-05,73.849998,74.150002,73.639999,73.779999,73.779999,5403.0
2017-10-06,73.989998,73.989998,73.230003,73.370003,73.370003,5198.0
2017-10-09,73.300003,73.300003,72.529999,72.529999,72.529999,6957.0
2017-10-10,72.5,72.849998,71.400002,71.540001,71.540001,14254.0
2017-10-11,71.5,72.849998,70.650002,72.309998,72.309998,13481.0
2017-10-12,72.309998,73.0,72.300003,72.769997,72.769997,9727.0
2017-10-13,72.739998,72.889999,72.400002,72.589996,72.589996,5844.0
2017-10-16,72.5,72.980003,71.68,71.949997,71.949997,32457.0
2017-10-17,71.93,72.489998,71.800003,72.0,72.0,11359.0
2017-10-18,72.019997,72.790001,71.800003,72.150002,72.150002,9359.0
2017-10-19,72.0,72.120003,70.150002,70.260002,70.260002,12385.0
2017-10-20,71.339996,71.339996,70.25,70.57,70.57,12436.0
2017-10-23,70.25,70.989998,69.599998,69.779999,69.779999,11340.0
2017-10-24,69.75,70.410004,69.699997,69.730003,69.730003,50810.0
2017-10-25,69.599998,69.900002,68.650002,68.790001,68.790001,8533.0
2017-10-26,68.720001,69.400002,68.720001,69.08000200000001,69.08000200000001,5465.0
2017-10-27,69.0,69.339996,68.709999,68.83000200000001,68.83000200000001,50833.0
2017-10-30,68.800003,69.0,68.519997,68.599998,68.599998,9430.0
2017-10-31,68.599998,68.849998,68.309998,68.809998,68.809998,10326.0
2017-11-01,68.980003,69.449997,68.970001,69.18,69.18,2750.0
2017-11-02,69.010002,69.300003,68.400002,68.879997,68.879997,6444.0
2017-11-03,69.16999799999999,69.449997,68.800003,69.190002,69.190002,14315.0
2017-11-06,69.489998,70.449997,69.489998,69.610001,69.610001,7605.0
2017-11-07,69.550003,70.0,69.190002,69.379997,69.379997,9007.0
2017-11-08,69.68,69.989998,69.449997,69.980003,69.980003,7603.0
2017-11-09,69.400002,70.199997,69.309998,69.309998,69.309998,20590.0
2017-11-10,69.779999,69.980003,68.660004,68.730003,68.730003,12406.0
2017-11-13,68.779999,68.980003,68.620003,68.620003,68.620003,5695.0
2017-11-14,68.849998,68.93,68.650002,68.870003,68.870003,11662.0
2017-11-15,68.610001,68.900002,68.5,68.639999,68.639999,12737.0
2017-11-16,68.949997,68.949997,68.559998,68.870003,68.870003,17713.0
2017-11-17,68.889999,68.889999,68.68,68.779999,68.779999,9461.0
2017-11-20,68.889999,69.339996,68.739998,69.07,69.07,25003.0
2017-11-21,69.489998,70.449997,69.489998,70.33000200000001,70.33000200000001,22517.0
2017-11-22,70.349998,70.68,70.300003,70.41999799999998,70.41999799999998,11834.0
2017-11-23,70.300003,70.989998,70.300003,70.510002,70.510002,9009.0
2017-11-24,70.43,70.589996,70.32,70.349998,70.349998,7817.0
2017-11-27,70.400002,71.0,70.349998,71.0,71.0,11068.0
2017-11-28,71.0,71.949997,70.940002,71.839996,71.839996,37430.0
2017-11-29,71.910004,72.449997,71.910004,72.300003,72.300003,11859.0
2017-11-30,72.290001,73.279999,72.150002,72.83000200000001,72.83000200000001,16197.0
2017-12-01,72.870003,72.870003,72.25,72.32,72.32,9480.0
2017-12-04,72.540001,72.800003,72.540001,72.790001,72.790001,9435.0
2017-12-05,72.889999,74.849998,72.889999,74.82,74.82,32366.0
2017-12-06,74.879997,74.879997,74.239998,74.58000200000002,74.58000200000002,9373.0
2017-12-07,74.400002,74.739998,73.730003,74.449997,74.449997,22857.0
2017-12-08,74.300003,74.480003,73.82,74.360001,74.360001,14372.0
2017-12-11,74.389999,74.389999,73.510002,73.510002,73.510002,7548.0
2017-12-12,73.699997,73.879997,73.309998,73.66999799999998,73.66999799999998,10763.0
2017-12-13,73.16999799999999,73.760002,73.16999799999999,73.410004,73.410004,16883.0
2017-12-14,73.440002,73.650002,72.199997,73.25,73.25,19581.0
2017-12-15,73.239998,73.43,72.839996,73.290001,73.290001,28308.0
2017-12-18,73.489998,73.690002,73.08000200000001,73.190002,73.190002,9726.0
2017-12-19,73.239998,73.43,73.010002,73.43,73.43,13519.0
2017-12-20,73.25,73.25,72.440002,72.779999,72.779999,16728.0
2017-12-21,72.599998,72.599998,72.110001,72.43,72.43,16704.0
2017-12-22,72.75,73.349998,72.449997,73.089996,73.089996,12758.0
2017-12-27,73.089996,73.550003,73.010002,73.300003,73.300003,9889.0
2017-12-28,73.269997,73.959999,73.110001,73.550003,73.550003,10241.0
2017-12-29,73.75,73.839996,73.400002,73.690002,73.690002,3837.0
